(258, 0.99999988)
(285, 0.5136379)
(183, 0.47570193)
(308, 0.44110829)
(295, 0.42302328)
(328, 0.38986364)
(83, 0.26945794)
(156, 0.25736925)
(63, 0.24730602)
(267, 0.23043022)
(274, 0.19807479)
(97, 0.1862486)
(118, 0.17998108)
(202, 0.16929924)
(346, 0.15990439)
(269, 0.13858286)
(60, 0.039057281)
(301, 0.030050106)
(244, 0.02397041)
(310, 0.023698296)
(80, 0.023095142)
(303, 0.022977646)
(199, 0.02230905)
(162, 0.021740129)
(13, 0.021712776)
(75, 0.021246299)
(242, 0.020422416)
(169, 0.019396657)
(30, 0.018909033)
(103, 0.018853594)
(18, 0.017708767)
(270, 0.015800387)
(311, 0.015592322)
(122, 0.014995913)
(134, 0.013969801)
(58, 0.013805861)
(110, 0.013777396)
(240, 0.013715645)
(43, 0.012718426)
(90, 0.012457721)
(158, 0.011916611)
(273, 0.011860624)
(297, 0.011835005)
(85, 0.01096605)
(307, 0.010734526)
(225, 0.010731682)
(284, 0.010727287)
(324, 0.010614789)
(112, 0.010449115)
(223, 0.010112658)
(102, 0.0099824965)
(98, 0.0099291056)
(333, 0.0098763667)
(47, 0.0096534267)
(261, 0.0096294954)
(148, 0.0095981769)
(231, 0.0094961636)
(337, 0.0090928786)
(259, 0.0089272652)
(208, 0.0084702112)
(101, 0.0083666071)
(187, 0.0082216635)
(256, 0.0081378743)
(12, 0.0081087258)
(32, 0.0080486536)
(281, 0.0079107359)
(114, 0.0071892291)
(54, 0.0068863425)
(84, 0.0068116169)
(193, 0.0068095177)
(327, 0.0067287423)
(135, 0.0064511597)
(133, 0.0063149557)
(300, 0.0060631502)
(39, 0.00599676)
(229, 0.0059633441)
(35, 0.0057708658)
(44, 0.0057473425)
(164, 0.005504631)
(73, 0.0053199604)
(0, 0.0053022262)
(124, 0.005232498)
(195, 0.0050419606)
(227, 0.0050406251)
(268, 0.0048952959)
(40, 0.0048283804)
(321, 0.0047947988)
(309, 0.0047857389)
(254, 0.0046601351)
(45, 0.0044264346)
(246, 0.0041159242)
(65, 0.0040899515)
(283, 0.004059311)
(212, 0.0040343031)
(168, 0.0039194059)
(304, 0.0038741156)
(204, 0.0038706735)
(291, 0.0036888979)
(7, 0.0035663955)
(203, 0.0035637468)
(132, 0.0035116412)
(76, 0.0034438819)
(180, 0.0033462252)
(17, 0.0032065883)
(33, 0.0031699296)
(224, 0.0031515695)
(294, 0.0031515695)
(253, 0.0029115081)
(152, 0.0028738268)
(108, 0.0028625913)
(219, 0.0027994812)
(61, 0.0027647875)
(144, 0.0023872107)
(217, 0.0023820251)
(264, 0.0022923797)
(315, 0.0021879151)
(201, 0.0020251013)
(249, 0.0018768162)
(71, 0.0018700212)
(306, 0.001862539)
(106, 0.0017887056)
(131, 0.0016146153)
(2, 0.0016100225)
(15, 0.0012907684)
(206, 0.0012907684)
(316, 0.0012907684)
(177, 0.0011209175)
(245, 0.0010963529)
(77, 0.0010816101)
(136, 0.0010799691)
(344, 0.0010659173)
(339, 0.0010628104)
(92, 0.0010535214)
(138, 0.0010008477)
(53, 0.0009316355)
(275, 0.00078580622)
(221, 0.00075086206)
(345, 0.00070391595)
(172, 0.00069930777)
(236, 0.00068488717)
(182, 0.00067146681)
(88, 0.00055193715)
(78, 0.00054632593)
(288, 0.00054334383)
(188, 0.0005306527)
(296, 0.00048973039)
(151, 0.0004812181)
(313, 0.0004657656)
(209, 0.00046403147)
(215, 0.00045242161)
(140, 0.00043380237)
(174, 0.00043380237)
(49, 0.00043256767)
(320, 0.00042941421)
(287, 0.00038588187)
(184, 0.0003568083)
(238, 0.00031573698)
(292, 0.00026237033)
(81, 0.00024887919)
(211, 0.0002480587)
(166, 0.00024592876)
(4, 0.00022717193)
(262, 0.00022193295)
(128, 0.00022101589)
(10, 0.00021721795)
(5, 0.0002117008)
(67, 0.00021044444)
(28, 0.00019828416)
(130, 0.00019828416)
(255, 0.00017945468)
(14, 0.00016461592)
(331, 0.00013497751)
(233, 8.9400448e-05)
(31, 7.3948875e-05)
(79, 4.2460859e-05)
(230, 3.7629157e-05)
(271, 2.3460016e-05)
(113, 1.8285587e-05)
(1, 0.0)
(37, 0.0)
(64, 0.0)
(74, 0.0)
(89, 0.0)
(91, 0.0)
(107, 0.0)
(121, 0.0)
(125, 0.0)
(157, 0.0)
(173, 0.0)
(289, 0.0)
(293, 0.0)
(323, 0.0)
(329, 0.0)
(336, 0.0)
(41, -1.121778e-05)
(59, -2.5881454e-05)
(340, -6.9882721e-05)
(161, -8.5145235e-05)
(22, -0.00015071966)
(68, -0.00016501173)
(52, -0.00016963761)
(257, -0.00018081162)
(70, -0.00019326247)
(143, -0.00020543579)
(235, -0.00021700934)
(146, -0.00023188815)
(251, -0.00024040136)
(51, -0.00027076574)
(155, -0.00027506612)
(150, -0.00031474978)
(6, -0.00036024675)
(335, -0.00036428869)
(176, -0.0003659334)
(317, -0.00039863586)
(216, -0.00042669382)
(185, -0.00049383007)
(42, -0.00049589109)
(137, -0.00050670654)
(302, -0.00050670654)
(27, -0.00051017758)
(99, -0.00057706982)
(190, -0.00060584769)
(322, -0.00060625374)
(111, -0.00062037259)
(241, -0.00063215941)
(342, -0.00064183399)
(57, -0.00068262918)
(93, -0.0007057935)
(36, -0.00081126392)
(120, -0.00081652403)
(116, -0.00083742477)
(286, -0.00084849447)
(192, -0.00085267145)
(50, -0.00093224645)
(243, -0.00096454099)
(115, -0.0009682253)
(16, -0.00098987296)
(343, -0.0010223705)
(149, -0.0010364335)
(234, -0.0010443218)
(305, -0.0010888912)
(167, -0.0011394583)
(29, -0.0012897663)
(20, -0.0013433443)
(191, -0.0013433443)
(298, -0.0013433443)
(8, -0.0013435166)
(87, -0.0014290959)
(334, -0.0014566453)
(312, -0.0015329942)
(181, -0.0015398674)
(299, -0.0015398674)
(214, -0.0015583038)
(205, -0.0016517453)
(338, -0.001779411)
(55, -0.0017814822)
(11, -0.0019681863)
(86, -0.0020859838)
(38, -0.0022126483)
(141, -0.0023480449)
(100, -0.002573566)
(46, -0.0026280582)
(318, -0.0028433986)
(160, -0.0029466674)
(19, -0.0030097757)
(147, -0.0034120232)
(69, -0.0034475103)
(272, -0.0036395751)
(171, -0.0040078815)
(252, -0.0040310211)
(126, -0.0041675195)
(159, -0.0041683409)
(210, -0.0042633936)
(266, -0.0044229287)
(237, -0.0045539197)
(165, -0.0047472417)
(290, -0.0047568232)
(94, -0.0047814772)
(332, -0.0049301796)
(175, -0.0049408451)
(279, -0.0050155502)
(186, -0.0050877631)
(154, -0.0050955079)
(163, -0.0054055797)
(48, -0.0055380296)
(198, -0.0056110639)
(145, -0.0056508742)
(117, -0.0057869358)
(9, -0.0057888478)
(265, -0.0061332844)
(232, -0.0063705817)
(250, -0.0064636208)
(3, -0.0064680018)
(218, -0.0065400451)
(197, -0.0065832147)
(248, -0.0073936228)
(247, -0.0074621141)
(330, -0.0076767933)
(82, -0.0076870583)
(139, -0.007757551)
(326, -0.0078891842)
(66, -0.0081149265)
(104, -0.0081779212)
(200, -0.0081848651)
(189, -0.0083259447)
(24, -0.0083938427)
(21, -0.0084033459)
(178, -0.0098619778)
(170, -0.0098736063)
(220, -0.0098880231)
(319, -0.010660347)
(194, -0.010697242)
(278, -0.010836545)
(276, -0.010855611)
(207, -0.01088443)
(222, -0.011736164)
(25, -0.011915401)
(325, -0.013181752)
(341, -0.013414767)
(23, -0.013838857)
(239, -0.014270002)
(226, -0.01463886)
(96, -0.015787935)
(280, -0.015876044)
(34, -0.016028687)
(196, -0.017115708)
(72, -0.017927429)
(26, -0.01922849)
(277, -0.019340262)
(95, -0.019965073)
(123, -0.021587919)
(119, -0.021682538)
(179, -0.022688549)
(142, -0.024188761)
(56, -0.024542525)
(213, -0.025308404)
(260, -0.02632438)
(228, -0.028682914)
(153, -0.029007837)
(62, -0.029235469)
(263, -0.029320497)
(127, -0.030787781)
(109, -0.031974338)
(129, -0.033591554)
(314, -0.037788637)
(105, -0.040162813)
(282, -0.046285432)
