(137, 1.0)
(302, 1.0)
(234, 0.99980783)
(59, 0.40447956)
(129, 0.34957135)
(36, 0.28135818)
(281, 0.20563564)
(162, 0.19196001)
(33, 0.18314005)
(242, 0.15176521)
(333, 0.14533792)
(217, 0.14352289)
(282, 0.14158973)
(175, 0.14149785)
(139, 0.13742381)
(54, 0.13571209)
(75, 0.11844297)
(226, 0.0059766881)
(179, 0.0055983774)
(319, 0.0055653155)
(25, 0.0043758899)
(145, 0.0040881559)
(43, 0.0037915763)
(170, 0.0036613569)
(266, 0.0034690304)
(337, 0.003467584)
(164, 0.0034401044)
(341, 0.0033745021)
(171, 0.0033656377)
(277, 0.0030332934)
(76, 0.0029330365)
(240, 0.0029222593)
(326, 0.0028988495)
(268, 0.0028796485)
(270, 0.0028318465)
(69, 0.0027760416)
(163, 0.0027752332)
(138, 0.0027473047)
(58, 0.0027371552)
(30, 0.0026597381)
(112, 0.0024375711)
(274, 0.0024351049)
(296, 0.0024220347)
(120, 0.0023703799)
(177, 0.0022901352)
(2, 0.0022403514)
(10, 0.0022198292)
(160, 0.0022192993)
(63, 0.0021464853)
(328, 0.0021423269)
(218, 0.0020898161)
(254, 0.002069775)
(104, 0.0020295903)
(96, 0.0020201616)
(97, 0.0018714666)
(167, 0.0018418827)
(334, 0.0017759837)
(196, 0.0017725658)
(201, 0.001760304)
(267, 0.0017136969)
(212, 0.0017022043)
(220, 0.0016520061)
(109, 0.0016212473)
(203, 0.0015747845)
(44, 0.0015229657)
(18, 0.0015076976)
(238, 0.0014809566)
(198, 0.0014748359)
(317, 0.0014539286)
(325, 0.0014407169)
(202, 0.0014217719)
(92, 0.0014113039)
(279, 0.001369264)
(283, 0.0013471171)
(197, 0.0012794957)
(227, 0.001260736)
(154, 0.0012552664)
(313, 0.001253821)
(16, 0.001250729)
(83, 0.001208283)
(249, 0.0011743428)
(199, 0.0011321027)
(140, 0.0011049397)
(174, 0.0011049397)
(239, 0.0010920931)
(8, 0.0010913308)
(246, 0.0010725856)
(57, 0.0010231398)
(127, 0.00101294)
(200, 0.00097979046)
(257, 0.00094712735)
(168, 0.00094303489)
(3, 0.000933595)
(24, 0.00089046638)
(68, 0.00088762329)
(84, 0.00083139539)
(194, 0.00080743106)
(207, 0.00080031902)
(321, 0.0007719323)
(147, 0.00076492154)
(5, 0.00064915977)
(259, 0.00063541532)
(335, 0.00063193776)
(123, 0.00058294134)
(99, 0.00054547936)
(32, 0.00054261833)
(28, 0.00054043531)
(130, 0.00054043531)
(79, 0.00051898509)
(311, 0.00048281997)
(222, 0.00046739727)
(209, 0.00044571701)
(90, 0.00043462217)
(211, 0.00043160943)
(82, 0.00041054748)
(187, 0.00040949136)
(346, 0.00040719844)
(117, 0.00039488822)
(94, 0.00036708359)
(50, 0.00036637485)
(230, 0.00036527216)
(305, 0.00036339555)
(86, 0.00036312453)
(38, 0.00036173314)
(318, 0.00035015121)
(188, 0.0003415281)
(52, 0.00033175596)
(332, 0.00032578409)
(151, 0.00032220635)
(29, 0.0003157258)
(103, 0.00031067245)
(148, 0.00030733272)
(300, 0.00030247867)
(9, 0.00029994547)
(297, 0.00028822571)
(118, 0.00028114766)
(53, 0.00028010132)
(111, 0.00027826056)
(108, 0.00025507808)
(156, 0.00025183707)
(152, 0.00025138073)
(213, 0.00022180518)
(61, 0.00022049155)
(166, 0.00019100308)
(146, 0.00017706305)
(288, 0.00015263562)
(7, 0.00015028752)
(320, 0.00015010685)
(264, 0.0001419913)
(134, 0.00014027953)
(315, 0.00013968349)
(205, 0.00013797265)
(115, 0.0001324513)
(31, 0.00013168303)
(27, 0.00011391146)
(93, 9.9208206e-05)
(243, 9.7222626e-05)
(150, 8.7980181e-05)
(181, 8.6261891e-05)
(299, 8.6261891e-05)
(287, 8.5944543e-05)
(71, 8.584559e-05)
(192, 8.388143e-05)
(126, 6.6773966e-05)
(331, 6.632437e-05)
(22, 5.2062329e-05)
(169, 4.4895336e-05)
(172, 3.3058692e-05)
(4, 3.2370852e-05)
(6, 3.0198775e-05)
(224, 2.8986484e-05)
(294, 2.8986484e-05)
(100, 2.4576671e-05)
(324, 2.0578504e-05)
(67, 1.8399005e-05)
(20, 1.6564736e-05)
(191, 1.6564736e-05)
(298, 1.6564736e-05)
(1, 0.0)
(37, 0.0)
(64, 0.0)
(74, 0.0)
(89, 0.0)
(91, 0.0)
(107, 0.0)
(121, 0.0)
(125, 0.0)
(157, 0.0)
(173, 0.0)
(289, 0.0)
(293, 0.0)
(323, 0.0)
(329, 0.0)
(336, 0.0)
(56, -3.347639e-06)
(252, -7.2875991e-06)
(256, -8.7320805e-06)
(116, -1.4603138e-05)
(128, -1.806661e-05)
(245, -2.957508e-05)
(223, -3.5151839e-05)
(40, -3.9309263e-05)
(41, -4.4145621e-05)
(342, -4.8045069e-05)
(190, -6.4506778e-05)
(232, -6.9912523e-05)
(343, -7.1787275e-05)
(184, -7.5204414e-05)
(255, -7.9669058e-05)
(314, -8.7846071e-05)
(292, -9.5620228e-05)
(143, -0.0001066947)
(306, -0.0001105424)
(77, -0.00012107193)
(131, -0.00012134761)
(251, -0.00012180861)
(45, -0.00014149002)
(291, -0.00014759228)
(338, -0.00015954487)
(271, -0.00018913043)
(344, -0.00022093207)
(182, -0.00023601763)
(180, -0.0002440922)
(42, -0.00024663261)
(195, -0.00024887919)
(113, -0.00025194918)
(49, -0.00025544263)
(149, -0.00026001409)
(158, -0.00027150661)
(219, -0.00027766638)
(345, -0.00028809905)
(275, -0.00029868551)
(51, -0.00030090206)
(235, -0.00031479029)
(241, -0.00034049153)
(48, -0.00034401426)
(340, -0.00035980903)
(309, -0.000363864)
(236, -0.00040536746)
(142, -0.00040604174)
(247, -0.00040751696)
(161, -0.00040774792)
(265, -0.00041282177)
(88, -0.00042153616)
(261, -0.00042231381)
(233, -0.00042340148)
(210, -0.00043575745)
(262, -0.00047106878)
(81, -0.00047131255)
(228, -0.00047557056)
(17, -0.00048156828)
(176, -0.0004818216)
(215, -0.00049234321)
(105, -0.00050628744)
(258, -0.00050665811)
(284, -0.00051297061)
(229, -0.0005403012)
(136, -0.00057253987)
(60, -0.00058533903)
(55, -0.00059651956)
(114, -0.00062002055)
(106, -0.00062310696)
(216, -0.00066213892)
(87, -0.00066965446)
(70, -0.00067882182)
(135, -0.00068326294)
(248, -0.00070378743)
(280, -0.0007251444)
(208, -0.00075069163)
(339, -0.00079060532)
(155, -0.00079182)
(322, -0.00081174821)
(78, -0.00086244149)
(260, -0.00087594241)
(285, -0.00089059677)
(312, -0.00089713931)
(14, -0.00089885294)
(80, -0.00090638734)
(310, -0.00091657322)
(286, -0.00093158334)
(39, -0.00093362853)
(327, -0.00094242766)
(15, -0.00094671547)
(206, -0.00094671547)
(316, -0.00094671547)
(193, -0.00096465647)
(153, -0.00096711982)
(263, -0.0010824129)
(214, -0.001106584)
(12, -0.0011297027)
(65, -0.0011459179)
(225, -0.0011529941)
(124, -0.0011545792)
(122, -0.0011866475)
(273, -0.0012191534)
(72, -0.0012255628)
(23, -0.0012267279)
(101, -0.0012534102)
(253, -0.0012663379)
(308, -0.0012757331)
(85, -0.0012832619)
(295, -0.0014899597)
(304, -0.0014914274)
(185, -0.0014978051)
(269, -0.0015033334)
(95, -0.0015182085)
(0, -0.0015680827)
(66, -0.0015926515)
(165, -0.0016113222)
(301, -0.0016339626)
(34, -0.0016702488)
(47, -0.0017641261)
(102, -0.0017897263)
(26, -0.0019375831)
(204, -0.001942398)
(132, -0.0020037815)
(307, -0.0021714475)
(133, -0.0022245087)
(21, -0.0022633895)
(231, -0.0022899471)
(237, -0.0022931602)
(221, -0.0023488104)
(278, -0.0023995191)
(144, -0.0026241168)
(250, -0.0026784609)
(183, -0.0028396547)
(110, -0.0029091216)
(189, -0.0029107537)
(330, -0.0029218644)
(159, -0.0032157777)
(13, -0.0032574087)
(11, -0.0036147088)
(73, -0.0038072644)
(35, -0.0038419068)
(272, -0.0039156936)
(98, -0.0041134953)
(46, -0.0041937456)
(244, -0.004200669)
(141, -0.0042257383)
(119, -0.0043631084)
(186, -0.0046187202)
(178, -0.0047678277)
(19, -0.0048732013)
(290, -0.0050290693)
(276, -0.0055190865)
(62, -0.0057813376)
(303, -0.0099266917)
