(62, 1.0)
(80, 0.38027057)
(296, 0.32909179)
(144, 0.31985441)
(276, 0.31230903)
(196, 0.26985624)
(12, 0.26916969)
(185, 0.26054204)
(290, 0.25826204)
(17, 0.25799745)
(327, 0.24911651)
(167, 0.24697955)
(3, 0.23778021)
(28, 0.22950068)
(130, 0.22950068)
(162, 0.22351027)
(249, 0.21804197)
(102, 0.21699862)
(231, 0.20734103)
(34, 0.19221526)
(317, 0.18300977)
(199, 0.17340556)
(39, 0.16072655)
(269, 0.15793827)
(208, 0.15643129)
(114, 0.1550784)
(278, 0.15156242)
(310, 0.14728545)
(244, 0.14479664)
(112, 0.14285216)
(101, 0.14053264)
(223, 0.13690177)
(240, 0.13670264)
(274, 0.13013984)
(156, 0.12669702)
(337, 0.12589861)
(194, 0.12565459)
(333, 0.12369596)
(326, 0.1230863)
(228, 0.11850567)
(90, 0.11797766)
(142, 0.11764424)
(230, 0.11651394)
(229, 0.1159717)
(219, 0.11364487)
(127, 0.11328501)
(120, 0.11179059)
(197, 0.1098614)
(76, 0.10723239)
(286, 0.10312556)
(109, 0.09879107)
(253, 0.094507568)
(195, 0.093694136)
(36, 0.092202589)
(207, 0.088376917)
(118, 0.08741533)
(19, 0.087008588)
(259, 0.086372145)
(164, 0.051718339)
(250, 0.039162412)
(260, 0.029222226)
(273, 0.027101543)
(277, 0.026443249)
(63, 0.025871292)
(334, 0.025238916)
(270, 0.02226644)
(59, 0.020440843)
(220, 0.019389013)
(242, 0.018147867)
(332, 0.016994018)
(268, 0.016922027)
(47, 0.016596286)
(311, 0.015744369)
(124, 0.015293144)
(171, 0.015236888)
(282, 0.01440672)
(295, 0.01374606)
(96, 0.012698058)
(318, 0.011155896)
(85, 0.010922756)
(319, 0.010913722)
(61, 0.01085785)
(0, 0.010270841)
(243, 0.0099238828)
(248, 0.0098157004)
(307, 0.0093647894)
(255, 0.0079630539)
(183, 0.0078318045)
(152, 0.0073777884)
(116, 0.0072432682)
(330, 0.007152319)
(94, 0.0066894926)
(87, 0.0066762939)
(186, 0.0063256398)
(175, 0.0061849505)
(205, 0.0060337037)
(21, 0.005829934)
(93, 0.0056737605)
(218, 0.0056061)
(108, 0.0055626165)
(117, 0.005309917)
(55, 0.0051835878)
(38, 0.0051107416)
(7, 0.0048695654)
(24, 0.0048438152)
(279, 0.0046547242)
(141, 0.0044534802)
(203, 0.0043258741)
(65, 0.0040323809)
(301, 0.0039296076)
(338, 0.0039088279)
(163, 0.0038238615)
(266, 0.0036409376)
(123, 0.0033675283)
(48, 0.0030647235)
(29, 0.0029943734)
(200, 0.0028843544)
(202, 0.0027970672)
(56, 0.0027409606)
(82, 0.0026835129)
(2, 0.0025577974)
(136, 0.0022489093)
(77, 0.002194345)
(254, 0.0021525696)
(328, 0.0021367427)
(166, 0.0021249242)
(97, 0.0020925757)
(237, 0.0020808615)
(275, 0.0020127366)
(32, 0.0019310676)
(20, 0.001888806)
(191, 0.001888806)
(298, 0.001888806)
(41, 0.0018403204)
(252, 0.0017429348)
(251, 0.0015345456)
(70, 0.0015169666)
(193, 0.0014620274)
(180, 0.001380004)
(52, 0.0013278532)
(143, 0.0013195649)
(224, 0.0012299325)
(294, 0.0012299325)
(331, 0.0011781175)
(155, 0.0011376098)
(35, 0.0011335425)
(192, 0.0009873698)
(122, 0.00096653029)
(235, 0.00094342348)
(50, 0.00085409731)
(271, 0.0008261078)
(99, 0.00081983814)
(161, 0.00079274271)
(190, 0.00077354768)
(233, 0.00072465232)
(241, 0.00070586056)
(42, 0.00070536695)
(238, 0.0006507989)
(342, 0.00060737226)
(216, 0.00060668355)
(51, 0.00049128337)
(100, 0.00043842895)
(232, 0.00039556623)
(320, 0.00037062913)
(146, 0.00036160648)
(215, 0.00033585797)
(150, 0.00026115775)
(346, 0.00019764155)
(22, 0.00015771383)
(67, 0.00015237494)
(88, 0.00013362546)
(126, 0.00010924786)
(98, 0.00010173023)
(288, 8.2696322e-05)
(291, 6.9096684e-05)
(149, 5.3649768e-05)
(1, 0.0)
(37, 0.0)
(64, 0.0)
(74, 0.0)
(89, 0.0)
(91, 0.0)
(107, 0.0)
(121, 0.0)
(125, 0.0)
(157, 0.0)
(173, 0.0)
(289, 0.0)
(293, 0.0)
(323, 0.0)
(329, 0.0)
(336, 0.0)
(6, -1.9821338e-05)
(172, -5.5782497e-05)
(45, -7.9866499e-05)
(303, -0.00015962869)
(78, -0.00017046463)
(287, -0.00023340108)
(131, -0.00025478937)
(339, -0.00028237235)
(335, -0.00030894391)
(79, -0.00034606224)
(344, -0.00038547162)
(128, -0.00038603181)
(181, -0.0004633572)
(299, -0.0004633572)
(262, -0.00056003686)
(225, -0.00056637637)
(340, -0.00060739508)
(5, -0.00061915105)
(151, -0.00063207233)
(343, -0.00067169266)
(115, -0.00076454692)
(31, -0.00079765008)
(140, -0.00080020353)
(174, -0.00080020353)
(4, -0.0008090646)
(92, -0.00081087649)
(211, -0.00082659337)
(49, -0.00084998133)
(27, -0.00093192002)
(209, -0.00095614325)
(134, -0.00097386166)
(184, -0.0010671685)
(281, -0.0011278689)
(23, -0.0011691377)
(257, -0.0012100954)
(305, -0.0012630904)
(188, -0.0013215403)
(75, -0.0013969615)
(292, -0.0014132186)
(222, -0.0015190095)
(113, -0.001534103)
(264, -0.0015657395)
(315, -0.0016136095)
(245, -0.0016348511)
(68, -0.001652075)
(210, -0.0016560154)
(267, -0.0018413085)
(111, -0.0019050296)
(308, -0.0020921193)
(221, -0.0023976117)
(57, -0.0024000518)
(81, -0.0027297735)
(261, -0.0027430356)
(182, -0.0029061455)
(265, -0.0030931309)
(177, -0.0031620953)
(212, -0.0031792074)
(239, -0.0033012629)
(132, -0.0034788437)
(176, -0.003576912)
(300, -0.0036648512)
(306, -0.0036918577)
(71, -0.0037531592)
(53, -0.0039673373)
(139, -0.0039756075)
(247, -0.0040138289)
(46, -0.0040912703)
(147, -0.0041050091)
(246, -0.0041256733)
(285, -0.0044535715)
(345, -0.0046518296)
(158, -0.0046754237)
(160, -0.0048395041)
(159, -0.005154294)
(178, -0.0053168787)
(15, -0.0053641796)
(206, -0.0053641796)
(316, -0.0053641796)
(9, -0.0053823292)
(304, -0.0055063553)
(137, -0.0057813302)
(302, -0.0057813302)
(133, -0.00578155)
(168, -0.0059139356)
(234, -0.0063918531)
(60, -0.0066659451)
(106, -0.0069787726)
(148, -0.0070140623)
(312, -0.0070257043)
(226, -0.0072671771)
(314, -0.0076931939)
(129, -0.0078326948)
(179, -0.0079631284)
(213, -0.0080974102)
(256, -0.0082716495)
(83, -0.0084444918)
(236, -0.0084869247)
(103, -0.0086697601)
(325, -0.0086817034)
(170, -0.0087666065)
(198, -0.0087777227)
(169, -0.0089460537)
(187, -0.0089776628)
(280, -0.0091934279)
(8, -0.0093127489)
(135, -0.0094564706)
(10, -0.010086525)
(58, -0.010282387)
(11, -0.010464683)
(227, -0.010898963)
(153, -0.011218768)
(322, -0.011814054)
(40, -0.012056626)
(30, -0.012236465)
(189, -0.012269378)
(283, -0.012390364)
(214, -0.012501929)
(44, -0.0126369)
(43, -0.012695745)
(84, -0.012991771)
(309, -0.013344515)
(26, -0.014353201)
(201, -0.015729425)
(217, -0.015949056)
(138, -0.016676649)
(54, -0.016962893)
(341, -0.017239751)
(14, -0.01746349)
(72, -0.017465597)
(154, -0.018036216)
(145, -0.018214989)
(165, -0.018248823)
(324, -0.019319519)
(13, -0.019674774)
(313, -0.020030811)
(69, -0.020040173)
(25, -0.020423561)
(33, -0.020736901)
(110, -0.020940363)
(263, -0.021751907)
(16, -0.021945741)
(284, -0.022325858)
(95, -0.023005664)
(18, -0.02367596)
(73, -0.024261294)
(204, -0.025865108)
(66, -0.027268864)
(321, -0.02809038)
(258, -0.029235462)
(104, -0.032468654)
(86, -0.035474442)
(119, -0.037979595)
(297, -0.038701817)
(272, -0.040294353)
(105, -0.049546652)
