(3239, 0.99999994)
(1510, 0.6652458)
(4419, 0.66080993)
(3101, 0.6100101)
(4364, 0.5971894)
(4269, 0.59105474)
(678, 0.5846238)
(4399, 0.5529377)
(4363, 0.54097664)
(3390, 0.52308947)
(3351, 0.52055)
(2501, 0.51289785)
(2521, 0.51289785)
(2534, 0.51289785)
(2541, 0.51289785)
(2555, 0.51289785)
(3252, 0.5118201)
(3272, 0.50973636)
(2376, 0.50784117)
(865, 0.50295126)
(4246, 0.47043306)
(4428, 0.46718776)
(2303, 0.45715743)
(3167, 0.45698437)
(4273, 0.4538374)
(4311, 0.4538374)
(3174, 0.4525981)
(4257, 0.44781858)
(4392, 0.44781858)
(1854, 0.44219795)
(2108, 0.44219795)
(4308, 0.43289733)
(4312, 0.43289733)
(2343, 0.4269149)
(2499, 0.4269149)
(3841, 0.4254285)
(3196, 0.40991154)
(2951, 0.4089136)
(2955, 0.4089136)
(2961, 0.4089136)
(2977, 0.4089136)
(2984, 0.4089136)
(2996, 0.4089136)
(2956, 0.40759844)
(2971, 0.40704387)
(3313, 0.40704033)
(3780, 0.38563296)
(2268, 0.37794733)
(2358, 0.37794733)
(2384, 0.37794733)
(2273, 0.37550095)
(3746, 0.3752857)
(2265, 0.37133062)
(2761, 0.36725825)
(2228, 0.36475146)
(3617, 0.36457372)
(2796, 0.3631839)
(3604, 0.35935465)
(2272, 0.3558275)
(4142, 0.3523244)
(2262, 0.3517614)
(3400, 0.35153973)
(3639, 0.35049498)
(3695, 0.35049498)
(4339, 0.35049498)
(3443, 0.34890258)
(4329, 0.34686583)
(4407, 0.34686583)
(3347, 0.34600526)
(3353, 0.34600526)
(3415, 0.34600526)
(3401, 0.34439808)
(2806, 0.3363045)
(3173, 0.33618188)
(3369, 0.33618188)
(3044, 0.33328617)
(3376, 0.33328617)
(4007, 0.3305992)
(3781, 0.32977396)
(2520, 0.32968956)
(4143, 0.32881516)
(897, 0.32796234)
(2945, 0.32706133)
(3648, 0.3249029)
(3439, 0.32364115)
(3743, 0.3233155)
(3658, 0.3213547)
(3405, 0.32134557)
(329, 0.32092983)
(4452, 0.32079145)
(3053, 0.3200698)
(3486, 0.3197171)
(4162, 0.31935927)
(2289, 0.3189392)
(2310, 0.3189392)
(2452, 0.3189392)
(2710, 0.3189392)
(4379, 0.3180276)
(3537, 0.31793502)
(3598, 0.31793502)
(3270, 0.31694883)
(2209, 0.31619528)
(4367, 0.3150145)
(883, 0.31480607)
(773, 0.31400666)
(1959, 0.3112197)
(1962, 0.31121626)
(4443, 0.31052992)
(3687, 0.30920708)
(3171, 0.30910477)
(2924, 0.30870774)
(1161, 0.30856428)
(1840, 0.30780452)
(448, 0.3073507)
(2092, 0.3065212)
(3148, 0.30617753)
(4365, 0.30581278)
(4306, 0.30418423)
(1436, 0.3039301)
(4243, 0.30371916)
(3539, 0.3011658)
(2350, 0.30103785)
(1952, 0.29948545)
(2015, 0.29948545)
(2037, 0.29948545)
(3035, 0.29895067)
(3423, 0.29733902)
(3734, 0.29665273)
(386, 0.29616955)
(3111, 0.2946271)
(3582, 0.2945098)
(906, 0.29328156)
(2219, 0.29294923)
(4444, 0.28964877)
(2549, 0.2879492)
(1956, 0.28502217)
(2769, 0.2840828)
(3070, 0.2825485)
(3190, 0.2825485)
(2224, 0.2822829)
(3601, 0.28214425)
(3621, 0.28044567)
(2573, 0.27802825)
(3718, 0.27519816)
(1534, 0.27036703)
(2665, 0.26851264)
(1459, 0.26698872)
(3303, 0.26478466)
(3416, 0.26478466)
(321, 0.2643807)
(756, 0.26403698)
(717, 0.2618323)
(822, 0.26138306)
(1064, 0.26004726)
(3018, 0.25952104)
(1893, 0.25818446)
(2419, 0.25789696)
(1734, 0.2568283)
(1191, 0.25681397)
(3578, 0.25615185)
(1043, 0.25604835)
(3632, 0.2558713)
(4372, 0.2507995)
(4023, 0.2501373)
(3700, 0.24699473)
(3989, 0.2435308)
(2116, 0.24334686)
(769, 0.24275737)
(4242, 0.24272549)
(3186, 0.2412489)
(4019, 0.24107444)
(898, 0.24083926)
(4070, 0.24081773)
(4188, 0.23862244)
(2721, 0.23813672)
(2987, 0.23736952)
(1721, 0.23650962)
(909, 0.23617591)
(1592, 0.23617107)
(1086, 0.2355037)
(3291, 0.23499414)
(3739, 0.23467815)
(1835, 0.23419867)
(416, 0.23377001)
(3942, 0.23363496)
(3677, 0.23168841)
(397, 0.23073366)
(4362, 0.2300843)
(3324, 0.22972402)
(684, 0.22964823)
(2708, 0.22942647)
(3749, 0.22887906)
(4214, 0.22868001)
(3554, 0.22861552)
(2189, 0.22575407)
(3365, 0.22564527)
(3446, 0.22296226)
(426, 0.22225147)
(4358, 0.2217991)
(2331, 0.22154273)
(615, 0.22131607)
(1041, 0.22091797)
(816, 0.22086623)
(299, 0.21954161)
(4163, 0.21898118)
(1576, 0.21873915)
(2388, 0.21861427)
(395, 0.21758993)
(3611, 0.21749261)
(230, 0.21726331)
(3440, 0.21663615)
(4385, 0.21530437)
(4441, 0.21332335)
(1304, 0.21263075)
(3557, 0.21251965)
(3833, 0.21202366)
(3122, 0.21153468)
(611, 0.21135727)
(3517, 0.21078822)
(3563, 0.21026357)
(764, 0.20876588)
(715, 0.20865044)
(4173, 0.20606354)
(3516, 0.20451975)
(1562, 0.20444062)
(3005, 0.2040619)
(2604, 0.20323625)
(2382, 0.20207265)
(444, 0.20180866)
(3285, 0.20159665)
(931, 0.20157205)
(3328, 0.20077348)
(1939, 0.20029491)
(2685, 0.19977808)
(2783, 0.19977808)
(2835, 0.19977808)
(2743, 0.19974092)
(3499, 0.19969922)
(530, 0.1993706)
(3944, 0.19887698)
(2855, 0.19850367)
(959, 0.19833034)
(3243, 0.19819485)
(3977, 0.1975798)
(4255, 0.19672869)
(4159, 0.19663)
(2402, 0.19608179)
(2185, 0.19536534)
(743, 0.19466066)
(3916, 0.19404869)
(3409, 0.19346815)
(1813, 0.19320878)
(1199, 0.19273695)
(3183, 0.19219238)
(2681, 0.19079164)
(287, 0.19062626)
(1696, 0.19008492)
(2075, 0.19001451)
(193, 0.18911116)
(4438, 0.18885916)
(3518, 0.18841682)
(455, 0.18839493)
(3341, 0.18804517)
(3411, 0.18548064)
(1932, 0.18492433)
(4194, 0.1823582)
(804, 0.18203056)
(1366, 0.18062203)
(3278, 0.18020564)
(2883, 0.17914692)
(1986, 0.17907712)
(3950, 0.1768739)
(2308, 0.17602727)
(597, 0.17514697)
(4403, 0.17454278)
(3393, 0.17425129)
(403, 0.17378928)
(1720, 0.17197275)
(3094, 0.17192838)
(4394, 0.17141303)
(2216, 0.17116949)
(2342, 0.17116949)
(2657, 0.17095715)
(3246, 0.17018981)
(1141, 0.16991587)
(205, 0.16795209)
(3568, 0.16777427)
(3702, 0.16745009)
(4346, 0.16713974)
(4145, 0.16642238)
(2676, 0.16531825)
(3436, 0.16514295)
(266, 0.16276278)
(978, 0.16264094)
(2082, 0.16262464)
(4031, 0.16240509)
(1102, 0.16240092)
(4470, 0.16239)
(375, 0.16170391)
(4315, 0.1614499)
(3249, 0.16003731)
(158, 0.1594768)
(3974, 0.15522312)
(3923, 0.15511574)
(797, 0.15398008)
(4121, 0.15193349)
(1935, 0.15149087)
(799, 0.1511741)
(2932, 0.15083149)
(526, 0.14995039)
(536, 0.14995039)
(537, 0.14995039)
(553, 0.14995039)
(2651, 0.14968586)
(4455, 0.1492047)
(3074, 0.14883156)
(3795, 0.14876005)
(1020, 0.14870206)
(702, 0.14569762)
(2878, 0.14565653)
(2306, 0.14526471)
(3533, 0.1425594)
(1703, 0.14244017)
(3197, 0.14220074)
(3274, 0.14220074)
(1982, 0.14179344)
(2339, 0.14169937)
(283, 0.14148526)
(3169, 0.13854715)
(794, 0.13437884)
(2723, 0.13430329)
(3149, 0.13084911)
(867, 0.12639369)
(1033, 0.12358934)
(690, 0.12305324)
(2283, 0.12302545)
(3509, 0.12201856)
(2700, 0.121745974)
(2907, 0.12084737)
(1028, 0.11883988)
(818, 0.11536893)
(697, 0.10987608)
(2579, 0.10883297)
(1794, 0.107629985)
(2606, 0.10047957)
(2864, 0.10047957)
(2492, 0.09685786)
(777, 0.09281877)
(1350, 0.09108019)
(3445, 0.08848055)
(4471, 0.08626167)
(3992, 0.08596873)
(514, 0.08361284)
(1441, 0.07989016)
(2718, 0.07306141)
(3404, 0.070156746)
(3281, 0.06494712)
(1000, 0.06253452)
(1902, 0.062080123)
(4276, 0.061092407)
(734, 0.060334466)
(2902, 0.05875118)
(3425, 0.05871833)
(4207, 0.058078207)
(4150, 0.05797691)
(3465, 0.056409553)
(2778, 0.055711925)
(2975, 0.055711925)
(1177, 0.054768078)
(3021, 0.051494442)
(4137, 0.04986892)
(2011, 0.0498385)
(3763, 0.049540676)
(512, 0.048163496)
(2772, 0.04655625)
(4157, 0.04602761)
(3570, 0.045658704)
(1617, 0.0451136)
(4037, 0.044686846)
(645, 0.043843247)
(11, 0.04340558)
(641, 0.04294437)
(679, 0.04294437)
(599, 0.041946813)
(3507, 0.041317295)
(4197, 0.04126179)
(2692, 0.03981722)
(1605, 0.038697325)
(4244, 0.038578875)
(1053, 0.03836193)
(4222, 0.038252905)
(1316, 0.037325867)
(3327, 0.03667029)
(1832, 0.036530837)
(434, 0.03641808)
(2142, 0.036214385)
(1411, 0.035847157)
(704, 0.035018936)
(3008, 0.03487104)
(4156, 0.034485083)
(3750, 0.03442522)
(4473, 0.034107566)
(1706, 0.0339462)
(479, 0.033795204)
(2317, 0.033451818)
(4406, 0.03318968)
(2327, 0.033017814)
(3083, 0.032882806)
(2851, 0.032656997)
(1224, 0.03252452)
(2400, 0.03246746)
(1416, 0.03237476)
(1394, 0.03230878)
(2848, 0.03155367)
(3990, 0.031424746)
(2357, 0.03110832)
(2172, 0.030863127)
(1335, 0.030689437)
(369, 0.030618113)
(4071, 0.030610856)
(4206, 0.030449606)
(1614, 0.030440602)
(231, 0.030314468)
(2522, 0.030293878)
(4166, 0.03029338)
(1658, 0.029681616)
(2516, 0.029582895)
(563, 0.029462546)
(2140, 0.029437462)
(3528, 0.02931143)
(1615, 0.028894106)
(4010, 0.028673232)
(2774, 0.028615387)
(1746, 0.028206594)
(2200, 0.028043503)
(3418, 0.028032947)
(3938, 0.027869387)
(1564, 0.027843066)
(1573, 0.02771619)
(3580, 0.027538842)
(3933, 0.027317178)
(2164, 0.027172884)
(4440, 0.02667964)
(4195, 0.026569996)
(535, 0.026567545)
(1192, 0.026482888)
(4078, 0.026009854)
(3114, 0.025800519)
(2475, 0.025748372)
(747, 0.025667485)
(2101, 0.025624398)
(2324, 0.025205038)
(3067, 0.024974477)
(2176, 0.024942923)
(1247, 0.02482922)
(1262, 0.02482922)
(3587, 0.024813637)
(3602, 0.024787473)
(1701, 0.024762958)
(1014, 0.024721736)
(774, 0.024702922)
(3477, 0.024656262)
(835, 0.02462396)
(92, 0.024617538)
(1508, 0.024558287)
(1057, 0.024422724)
(2267, 0.024418388)
(4314, 0.02438493)
(3786, 0.024363423)
(103, 0.024266876)
(2998, 0.024236832)
(1228, 0.02421125)
(1992, 0.02408778)
(966, 0.023994863)
(224, 0.023892336)
(3360, 0.023866976)
(1150, 0.023848519)
(3300, 0.023835124)
(3831, 0.023739047)
(2952, 0.023681963)
(3872, 0.023589257)
(2507, 0.023588134)
(2529, 0.023488652)
(1319, 0.023445912)
(2181, 0.023445424)
(987, 0.02329754)
(1888, 0.023249827)
(1766, 0.023188323)
(990, 0.023166174)
(1385, 0.023161484)
(2229, 0.023104448)
(487, 0.023089092)
(1531, 0.023083644)
(1901, 0.02302238)
(662, 0.02296849)
(559, 0.022942785)
(4139, 0.022648461)
(507, 0.022560228)
(4285, 0.022514815)
(812, 0.022499755)
(3866, 0.022361701)
(1484, 0.022278182)
(4298, 0.022274379)
(4349, 0.022147842)
(4158, 0.02213068)
(3694, 0.02201192)
(3128, 0.02190417)
(1313, 0.021865679)
(2842, 0.021780644)
(2513, 0.021750985)
(1492, 0.021747356)
(620, 0.021708254)
(97, 0.021673113)
(2808, 0.021651141)
(189, 0.021649674)
(4209, 0.021647634)
(3765, 0.021610491)
(1496, 0.021547308)
(1085, 0.02147923)
(4092, 0.021416347)
(2838, 0.02133301)
(2029, 0.02132398)
(170, 0.021257207)
(1100, 0.021224432)
(4334, 0.021133244)
(846, 0.021101255)
(3450, 0.021034261)
(683, 0.020924123)
(4389, 0.02079162)
(593, 0.020788241)
(3209, 0.02076399)
(436, 0.020719)
(4129, 0.020702917)
(1348, 0.02061686)
(1604, 0.02059501)
(4130, 0.02056794)
(2500, 0.020213606)
(3481, 0.020186216)
(946, 0.020080699)
(2328, 0.020076856)
(2281, 0.019996965)
(3009, 0.019991513)
(817, 0.019962717)
(232, 0.019951016)
(207, 0.019852255)
(4234, 0.01984622)
(413, 0.019694773)
(1628, 0.019691452)
(2976, 0.019609429)
(3630, 0.01960374)
(2386, 0.019553162)
(3017, 0.019380493)
(3266, 0.01928707)
(2415, 0.019256037)
(305, 0.019129984)
(1330, 0.019078236)
(707, 0.019013733)
(1241, 0.018984921)
(665, 0.018979564)
(4341, 0.018972382)
(466, 0.018969104)
(1145, 0.018891465)
(2148, 0.018772973)
(3121, 0.018765375)
(3640, 0.018725675)
(1633, 0.018691387)
(2542, 0.018585673)
(2295, 0.018556453)
(745, 0.018469028)
(222, 0.01844639)
(4293, 0.018442467)
(939, 0.018418489)
(1798, 0.018410452)
(878, 0.018383563)
(1507, 0.018314485)
(1324, 0.01829246)
(2214, 0.018224617)
(4275, 0.018176625)
(4140, 0.018123843)
(1713, 0.01810851)
(3633, 0.01804222)
(84, 0.0179852)
(2043, 0.017962715)
(1167, 0.017920151)
(1179, 0.017920151)
(1124, 0.017910704)
(4359, 0.017907802)
(510, 0.01789369)
(3260, 0.017865889)
(975, 0.017845161)
(2379, 0.017834142)
(815, 0.017792303)
(2369, 0.017772876)
(453, 0.017765943)
(4042, 0.017739136)
(3511, 0.017733578)
(2535, 0.017721528)
(2694, 0.017721528)
(2420, 0.017684761)
(1526, 0.017674295)
(4093, 0.017665628)
(3082, 0.017639898)
(117, 0.017606381)
(1921, 0.017570402)
(2136, 0.017391864)
(331, 0.01738181)
(3890, 0.017313898)
(2595, 0.017281074)
(3769, 0.017272389)
(10, 0.01726535)
(2143, 0.017245013)
(122, 0.01724118)
(2091, 0.017157005)
(1029, 0.017085854)
(1490, 0.017061714)
(1825, 0.017038494)
(2238, 0.017010733)
(252, 0.016969562)
(4100, 0.01696432)
(3897, 0.016956525)
(838, 0.016892064)
(1730, 0.016838364)
(3740, 0.016826017)
(3301, 0.016787937)
(3120, 0.01678278)
(4249, 0.016754676)
(3456, 0.01672776)
(588, 0.016720861)
(556, 0.016647719)
(2515, 0.016626202)
(2147, 0.01644471)
(869, 0.01641209)
(2032, 0.016408414)
(4303, 0.016400576)
(2792, 0.016395353)
(1653, 0.016344205)
(1131, 0.016338242)
(281, 0.016321305)
(2820, 0.016302831)
(4200, 0.016263653)
(3284, 0.016262002)
(2028, 0.016215604)
(1971, 0.01620299)
(578, 0.016177963)
(2884, 0.016167495)
(267, 0.01616175)
(1489, 0.016144784)
(2706, 0.01611349)
(1155, 0.016079105)
(1446, 0.016047508)
(637, 0.016029194)
(2025, 0.015990961)
(2941, 0.01597272)
(944, 0.015938878)
(3159, 0.015904523)
(3204, 0.015904523)
(1595, 0.015874857)
(1471, 0.01585917)
(2325, 0.01583822)
(29, 0.015809745)
(1705, 0.015808841)
(3881, 0.015750548)
(4435, 0.015733846)
(4325, 0.015727736)
(4297, 0.015709693)
(1119, 0.015661374)
(3458, 0.015655078)
(1305, 0.015638418)
(988, 0.015623701)
(877, 0.015587367)
(506, 0.015568531)
(3868, 0.015539508)
(845, 0.015517667)
(2329, 0.015510768)
(2462, 0.0154748075)
(669, 0.01542696)
(4337, 0.015388367)
(921, 0.015305296)
(1420, 0.015283128)
(1852, 0.015283128)
(2720, 0.015212977)
(688, 0.015186284)
(4061, 0.01516868)
(888, 0.015153049)
(4477, 0.015119454)
(2366, 0.0150921475)
(1851, 0.015081926)
(3595, 0.015045542)
(2802, 0.015009118)
(4084, 0.015005752)
(2456, 0.014960265)
(2223, 0.014942734)
(169, 0.014873033)
(4161, 0.014823793)
(1678, 0.014820661)
(2504, 0.014809648)
(3549, 0.014800396)
(1352, 0.01476666)
(1571, 0.014746882)
(265, 0.014729938)
(199, 0.0147219375)
(4009, 0.0146541055)
(732, 0.014636606)
(3771, 0.014634501)
(2712, 0.014631554)
(2158, 0.014629863)
(3340, 0.014613239)
(973, 0.014599368)
(749, 0.014583978)
(244, 0.014541917)
(2592, 0.0145176705)
(1714, 0.014511928)
(415, 0.014508784)
(3788, 0.014484207)
(486, 0.014473403)
(3975, 0.014471512)
(3089, 0.014431257)
(4021, 0.014428124)
(4284, 0.01442283)
(373, 0.014344096)
(3792, 0.014340363)
(531, 0.014324798)
(2828, 0.01432078)
(3508, 0.014309707)
(6, 0.014290828)
(1289, 0.014196873)
(3983, 0.014190042)
(2713, 0.014149852)
(3893, 0.014112387)
(2715, 0.014053404)
(1725, 0.014050428)
(864, 0.0140141435)
(1580, 0.013988893)
(2897, 0.013966313)
(2478, 0.013932487)
(1754, 0.0139218755)
(3253, 0.01387779)
(1095, 0.013867553)
(2797, 0.013839058)
(2863, 0.0137932)
(284, 0.013773084)
(1414, 0.013766665)
(2146, 0.013748994)
(1803, 0.013699539)
(3205, 0.013696907)
(3510, 0.0136531815)
(1360, 0.01364896)
(4148, 0.013631867)
(1432, 0.013616327)
(3819, 0.013596987)
(2417, 0.013562237)
(1679, 0.013546813)
(1328, 0.0135436505)
(3484, 0.01352628)
(2083, 0.013511042)
(135, 0.013497591)
(2821, 0.013493252)
(2594, 0.013472918)
(1374, 0.013440683)
(2394, 0.013433187)
(137, 0.013431823)
(1976, 0.0134310275)
(2656, 0.013377448)
(335, 0.013362632)
(149, 0.013320446)
(929, 0.013315501)
(3678, 0.013311207)
(432, 0.013302606)
(2249, 0.013262285)
(372, 0.013249235)
(3762, 0.013207912)
(1367, 0.013199054)
(1249, 0.013186179)
(1264, 0.013186179)
(3397, 0.013152001)
(1415, 0.013150472)
(1036, 0.01314323)
(849, 0.013140846)
(1736, 0.0131123755)
(4110, 0.013106391)
(2870, 0.013084974)
(2634, 0.013070887)
(308, 0.013064627)
(1641, 0.01302363)
(2285, 0.012980171)
(964, 0.012973916)
(1533, 0.012968756)
(456, 0.012947626)
(282, 0.012924596)
(82, 0.012923576)
(2132, 0.012919987)
(3370, 0.0128868595)
(1052, 0.012883268)
(4262, 0.012818199)
(3263, 0.012816042)
(3541, 0.012796305)
(2958, 0.01278273)
(2, 0.012759859)
(1513, 0.012721568)
(2800, 0.012700406)
(1160, 0.012687121)
(3671, 0.012678932)
(3261, 0.012664823)
(353, 0.012626651)
(542, 0.01261708)
(1929, 0.012574592)
(4382, 0.012557546)
(1425, 0.012530621)
(2443, 0.012504347)
(915, 0.012501735)
(3591, 0.012490377)
(1292, 0.012471359)
(3935, 0.012466401)
(1757, 0.012463131)
(969, 0.012450381)
(1498, 0.012447502)
(3961, 0.012443751)
(3352, 0.01243481)
(4348, 0.0124273)
(2709, 0.01241288)
(2653, 0.012397243)
(4411, 0.012386341)
(824, 0.012348497)
(2198, 0.012340073)
(1123, 0.012324944)
(2677, 0.01229668)
(2418, 0.012268627)
(174, 0.012256999)
(2099, 0.012256755)
(1154, 0.012249356)
(1849, 0.0122452155)
(1276, 0.012233689)
(1277, 0.012184095)
(544, 0.012145586)
(1257, 0.01210236)
(1272, 0.01210236)
(2005, 0.012096674)
(1146, 0.012066903)
(3908, 0.012022745)
(1836, 0.012019217)
(2805, 0.011991694)
(746, 0.011923688)
(538, 0.011875125)
(4003, 0.011874284)
(1810, 0.011872823)
(2047, 0.011847887)
(1999, 0.011847768)
(4420, 0.011828115)
(3976, 0.011823239)
(477, 0.011784268)
(1806, 0.011717735)
(2454, 0.011700723)
(1824, 0.01167674)
(4066, 0.01165431)
(1875, 0.011636842)
(2450, 0.011631738)
(3886, 0.011577774)
(1274, 0.011545822)
(168, 0.011505284)
(983, 0.011504911)
(3141, 0.01149047)
(2347, 0.011471812)
(3940, 0.011432417)
(4481, 0.011417285)
(3198, 0.011373661)
(106, 0.01135302)
(2241, 0.011349782)
(614, 0.011331718)
(3809, 0.011326685)
(433, 0.011325698)
(1338, 0.011307885)
(3590, 0.011301867)
(3231, 0.011300698)
(1857, 0.01129555)
(401, 0.0112827765)
(917, 0.011262494)
(2166, 0.0112408325)
(4221, 0.011228291)
(113, 0.011176903)
(2284, 0.011174795)
(2105, 0.011163432)
(2703, 0.011151221)
(1458, 0.011149943)
(1565, 0.011141969)
(1172, 0.0111374445)
(3945, 0.01112557)
(1863, 0.011105452)
(1080, 0.011092827)
(2404, 0.011086702)
(1516, 0.011076717)
(951, 0.011076663)
(1214, 0.011063903)
(3871, 0.011028096)
(3188, 0.011013091)
(2625, 0.01098796)
(2484, 0.01098525)
(3900, 0.010958994)
(3655, 0.010890262)
(523, 0.010888353)
(4485, 0.010884963)
(1473, 0.010875957)
(2196, 0.010875957)
(1876, 0.01087187)
(4378, 0.010852499)
(1323, 0.010851745)
(309, 0.010846155)
(2562, 0.010835208)
(2568, 0.010835208)
(2615, 0.010835208)
(2063, 0.010831527)
(923, 0.010814242)
(3275, 0.010773247)
(2572, 0.010748412)
(4220, 0.010745153)
(3628, 0.01070299)
(2085, 0.010699487)
(3911, 0.010679245)
(1993, 0.0106683485)
(2256, 0.010618453)
(972, 0.010599684)
(398, 0.010585021)
(4239, 0.01056351)
(4058, 0.010552093)
(3298, 0.01052741)
(896, 0.010506308)
(1306, 0.010498948)
(4277, 0.0104889795)
(1818, 0.010480143)
(4204, 0.010478506)
(4182, 0.010465464)
(4238, 0.010460362)
(414, 0.010459766)
(2397, 0.010457695)
(1740, 0.010445386)
(1829, 0.01042046)
(4482, 0.010412887)
(3620, 0.010398909)
(3829, 0.010387645)
(3471, 0.010381449)
(3952, 0.01036999)
(1550, 0.0103678)
(3864, 0.010315407)
(291, 0.01031265)
(294, 0.01031265)
(312, 0.01031265)
(1464, 0.010238294)
(245, 0.010219311)
(1331, 0.010196302)
(1504, 0.010178443)
(3774, 0.0101686735)
(410, 0.010154864)
(1645, 0.010152802)
(2007, 0.010151297)
(4154, 0.010141448)
(1586, 0.010131741)
(4120, 0.010105565)
(2807, 0.010095544)
(2905, 0.010046648)
(3049, 0.010044719)
(233, 0.010042742)
(3741, 0.010041609)
(1168, 0.01002977)
(2026, 0.010017265)
(3993, 0.009990003)
(2207, 0.009983711)
(884, 0.009948337)
(619, 0.009941228)
(2321, 0.0099296365)
(2517, 0.009919297)
(3847, 0.009879399)
(2260, 0.009869061)
(407, 0.009841996)
(258, 0.009805415)
(2836, 0.00980244)
(752, 0.009796193)
(2222, 0.009792963)
(3006, 0.0097906515)
(2734, 0.009786973)
(2624, 0.009779146)
(2648, 0.009735614)
(4176, 0.00973139)
(3585, 0.009728694)
(3490, 0.009707719)
(3330, 0.009685305)
(139, 0.009647964)
(4400, 0.009644181)
(1688, 0.0096228095)
(2432, 0.009617794)
(2391, 0.009601233)
(1051, 0.009530604)
(4360, 0.00953038)
(483, 0.009518911)
(3489, 0.009503728)
(3077, 0.009500556)
(1692, 0.009496115)
(3368, 0.009494242)
(2502, 0.009482302)
(3821, 0.009478541)
(3920, 0.009475466)
(2777, 0.0094551)
(348, 0.009441394)
(4344, 0.009407613)
(53, 0.009400863)
(1047, 0.00939901)
(3012, 0.00939732)
(3394, 0.009384047)
(2654, 0.009354534)
(1681, 0.0093473755)
(3157, 0.009321885)
(3112, 0.009321128)
(3812, 0.009291396)
(3931, 0.0092561655)
(3623, 0.009253509)
(3932, 0.009233341)
(1364, 0.009196145)
(2505, 0.009182408)
(3363, 0.009179417)
(4324, 0.009156905)
(606, 0.009155677)
(182, 0.0091511095)
(1092, 0.009149186)
(2620, 0.009149067)
(3782, 0.0091258995)
(1928, 0.009124724)
(2900, 0.009123433)
(1195, 0.009099715)
(3559, 0.009097825)
(3138, 0.009061184)
(2359, 0.00905594)
(2441, 0.009055525)
(2531, 0.009037089)
(676, 0.009021781)
(4081, 0.009020299)
(1468, 0.009011779)
(1613, 0.009004363)
(546, 0.00895993)
(3385, 0.008951269)
(1981, 0.00894694)
(859, 0.008941865)
(1055, 0.008940119)
(3683, 0.008932395)
(2021, 0.008923724)
(2012, 0.008913802)
(585, 0.00891212)
(654, 0.008905123)
(4461, 0.008896358)
(2910, 0.008895846)
(1426, 0.008851757)
(1559, 0.008851757)
(1321, 0.008832481)
(1816, 0.008829325)
(498, 0.008811763)
(2274, 0.008796472)
(2748, 0.008783005)
(4353, 0.00877195)
(2124, 0.00873909)
(2211, 0.008725155)
(3223, 0.008721089)
(4478, 0.008717075)
(2109, 0.008709699)
(2006, 0.008690096)
(4151, 0.008680988)
(4060, 0.008628096)
(724, 0.0086054)
(3766, 0.008587551)
(1671, 0.008573744)
(527, 0.008555237)
(367, 0.008554921)
(1639, 0.008516429)
(2286, 0.008516429)
(937, 0.008510187)
(3573, 0.008502638)
(2087, 0.008482649)
(2070, 0.008468814)
(2605, 0.008431176)
(3470, 0.0084181)
(4196, 0.008398034)
(2538, 0.00839146)
(932, 0.00837929)
(2724, 0.008377027)
(3269, 0.008346111)
(1878, 0.008345181)
(186, 0.008337411)
(2825, 0.008328011)
(2465, 0.008303758)
(3453, 0.008300245)
(4436, 0.008288166)
(2974, 0.008284743)
(4447, 0.00826896)
(2182, 0.008268226)
(336, 0.008261083)
(1486, 0.008258)
(3737, 0.008255737)
(468, 0.008251462)
(475, 0.008251462)
(2856, 0.008240104)
(1186, 0.008207234)
(133, 0.008206641)
(1663, 0.008199343)
(548, 0.008197188)
(1386, 0.008169014)
(1286, 0.008162916)
(1371, 0.008157089)
(3162, 0.008148852)
(1807, 0.008137513)
(856, 0.008136064)
(360, 0.008125884)
(490, 0.0081229)
(491, 0.0081229)
(3817, 0.008121436)
(2170, 0.008099075)
(1938, 0.008092013)
(629, 0.008090474)
(3544, 0.008087354)
(4292, 0.008058619)
(1524, 0.008053173)
(363, 0.00802712)
(4096, 0.008020916)
(607, 0.008002048)
(114, 0.007999593)
(4017, 0.007996375)
(1552, 0.007990561)
(445, 0.007987617)
(788, 0.0079813)
(3647, 0.00797298)
(2078, 0.007959209)
(2574, 0.0079564415)
(1726, 0.007952106)
(4029, 0.007950986)
(4059, 0.007950032)
(584, 0.007944415)
(2829, 0.007943483)
(4271, 0.007925324)
(718, 0.007913923)
(2627, 0.007910684)
(3955, 0.007907013)
(115, 0.0079024695)
(2119, 0.007890815)
(493, 0.0078903865)
(4237, 0.007883621)
(762, 0.007881129)
(4088, 0.007878281)
(1657, 0.007877872)
(2423, 0.007855291)
(1381, 0.007844469)
(3264, 0.007835288)
(2812, 0.007824607)
(3459, 0.0078207515)
(768, 0.00781348)
(1152, 0.007812381)
(2776, 0.007794954)
(4155, 0.0077933855)
(76, 0.0077921413)
(3013, 0.0077914726)
(2982, 0.0077874977)
(3929, 0.0077863783)
(3395, 0.007784236)
(1779, 0.007765835)
(2582, 0.0077597797)
(623, 0.0077548884)
(3844, 0.0077504106)
(1619, 0.007749304)
(2575, 0.007740479)
(1021, 0.007739192)
(1369, 0.007736739)
(570, 0.0077364463)
(3339, 0.0077331895)
(3896, 0.0077137137)
(577, 0.0077028666)
(1502, 0.0077004237)
(3019, 0.007697843)
(2326, 0.0076960865)
(52, 0.0076756673)
(573, 0.007668216)
(356, 0.0076656714)
(1045, 0.007642012)
(1844, 0.00762913)
(1433, 0.0076251593)
(2814, 0.0076243356)
(1861, 0.007623856)
(4390, 0.0076206513)
(349, 0.007615637)
(234, 0.007612638)
(4489, 0.007609248)
(682, 0.0076042376)
(1522, 0.0075964294)
(2611, 0.007557433)
(2173, 0.0075530037)
(2363, 0.0075363764)
(3027, 0.007532807)
(2332, 0.007519461)
(1960, 0.0075182626)
(4414, 0.0075156447)
(2935, 0.007495215)
(3981, 0.007483286)
(2126, 0.007466344)
(111, 0.007419739)
(256, 0.0073835813)
(2121, 0.007380829)
(3308, 0.007346716)
(1207, 0.00733722)
(2193, 0.0073184837)
(1175, 0.007305622)
(583, 0.007283751)
(3622, 0.0072732903)
(1842, 0.0072541907)
(940, 0.0072514303)
(1010, 0.007251003)
(3257, 0.007243125)
(4458, 0.007241033)
(1733, 0.0072386283)
(4313, 0.0072311684)
(3262, 0.007226848)
(2622, 0.00719399)
(4397, 0.007185567)
(2876, 0.0071757045)
(825, 0.0071741175)
(441, 0.0071692113)
(520, 0.007168755)
(4062, 0.0071668327)
(346, 0.0071563628)
(3686, 0.007138854)
(3676, 0.0071290713)
(4466, 0.007120464)
(2781, 0.007117739)
(402, 0.0070854574)
(3599, 0.0070782723)
(3203, 0.007075634)
(3321, 0.007071903)
(703, 0.007070436)
(3038, 0.0070636235)
(2081, 0.0070438604)
(1668, 0.0070420783)
(355, 0.0070238095)
(2926, 0.007022243)
(2929, 0.007022243)
(1478, 0.0070199184)
(1780, 0.0070011616)
(3875, 0.0069909245)
(2804, 0.006986268)
(4331, 0.0069732275)
(3232, 0.006959738)
(1340, 0.0069512427)
(1890, 0.0069416724)
(3375, 0.006920688)
(1828, 0.006919196)
(1361, 0.006911911)
(387, 0.006911138)
(1291, 0.006899531)
(4416, 0.006880194)
(610, 0.006864231)
(1635, 0.0068622865)
(3657, 0.0068593435)
(1397, 0.006846102)
(3419, 0.0068380386)
(3703, 0.0068285298)
(3268, 0.0068279505)
(1061, 0.006804224)
(2169, 0.006799301)
(1365, 0.006790476)
(3191, 0.0067874193)
(564, 0.0067850314)
(4278, 0.0067828614)
(1343, 0.0067762807)
(3364, 0.006739795)
(3742, 0.0067387167)
(4069, 0.0067387167)
(1081, 0.0067146635)
(2740, 0.006713407)
(979, 0.006710954)
(783, 0.0067024603)
(612, 0.0066787787)
(2916, 0.0066770166)
(1198, 0.0066683628)
(64, 0.006643543)
(4267, 0.0066318307)
(2374, 0.0066226684)
(549, 0.0066082664)
(3042, 0.0065943804)
(2992, 0.0065804217)
(4126, 0.0065633086)
(2583, 0.0065593086)
(2591, 0.0065593086)
(3704, 0.006546451)
(3820, 0.006538733)
(2660, 0.006528847)
(1483, 0.006513834)
(3719, 0.006510306)
(1975, 0.006507512)
(3254, 0.006505522)
(1353, 0.0064977743)
(1298, 0.006493889)
(3367, 0.0064879972)
(3907, 0.006435414)
(1540, 0.0064326217)
(2497, 0.006430039)
(1683, 0.006428184)
(3526, 0.0064246543)
(2937, 0.006416786)
(600, 0.0064072404)
(1686, 0.0064072404)
(3084, 0.006393535)
(1729, 0.006391825)
(3716, 0.0063901786)
(2439, 0.0063542817)
(2398, 0.006343875)
(4048, 0.0063293017)
(784, 0.0063213333)
(125, 0.006307259)
(3860, 0.006292563)
(998, 0.006271798)
(962, 0.006264763)
(1300, 0.0062606446)
(240, 0.006259012)
(3480, 0.006248269)
(484, 0.006232762)
(1153, 0.00622339)
(2421, 0.006212633)
(2137, 0.0062067136)
(4167, 0.0061937654)
(2106, 0.0061868243)
(2979, 0.0061647445)
(1318, 0.0061505325)
(35, 0.006144438)
(3836, 0.0061377613)
(2003, 0.006132586)
(1368, 0.006129538)
(4133, 0.006128587)
(2258, 0.0061227456)
(2399, 0.0061060525)
(343, 0.006102249)
(3764, 0.006085187)
(3903, 0.006083822)
(3199, 0.0060730577)
(850, 0.0060676336)
(3837, 0.006065054)
(655, 0.0060597155)
(580, 0.0060405834)
(1252, 0.0060381256)
(1267, 0.0060381256)
(1946, 0.0060373023)
(3555, 0.0060370024)
(44, 0.006026235)
(3314, 0.006026171)
(3504, 0.0060178796)
(2048, 0.0060143527)
(3593, 0.00600708)
(3036, 0.006001549)
(1656, 0.0059988573)
(3830, 0.005995916)
(692, 0.005983934)
(4016, 0.005977895)
(1351, 0.0059704147)
(1684, 0.005953092)
(2585, 0.005952716)
(3987, 0.005949609)
(2051, 0.0059361756)
(2459, 0.005929469)
(4186, 0.005918376)
(2717, 0.005912047)
(450, 0.005911771)
(2596, 0.0059037767)
(524, 0.0059003234)
(627, 0.0058990773)
(3087, 0.0058970153)
(778, 0.00589443)
(986, 0.0058873054)
(1637, 0.0058873054)
(3039, 0.0058843046)
(1557, 0.0058791023)
(2482, 0.005877245)
(3348, 0.00587691)
(2152, 0.0058676116)
(4128, 0.005844527)
(3144, 0.005841554)
(218, 0.005838465)
(1176, 0.0058343336)
(157, 0.005826853)
(2018, 0.00582348)
(1450, 0.00580875)
(366, 0.005804181)
(1891, 0.005801104)
(2251, 0.005800111)
(2334, 0.005800111)
(2341, 0.005800111)
(767, 0.0057967696)
(2737, 0.005794063)
(1391, 0.0057919044)
(691, 0.0057909675)
(2093, 0.0057909163)
(1738, 0.00577954)
(1631, 0.005765252)
(2888, 0.005759064)
(394, 0.0057550706)
(104, 0.0057489965)
(105, 0.0057443567)
(712, 0.0057353675)
(3236, 0.005716361)
(2436, 0.005701078)
(791, 0.005681092)
(4097, 0.005671816)
(2466, 0.0056671407)
(3010, 0.0056606447)
(4125, 0.0056450292)
(120, 0.0056428686)
(112, 0.005642822)
(2758, 0.0056235064)
(2356, 0.0056224167)
(12, 0.0056030545)
(30, 0.0056030545)
(41, 0.0056030545)
(71, 0.0056030545)
(3373, 0.0055689625)
(625, 0.005564945)
(1288, 0.0055354554)
(2890, 0.0055334307)
(889, 0.005517058)
(1587, 0.005515456)
(1530, 0.0055110306)
(3449, 0.005503661)
(1694, 0.005482846)
(3556, 0.005480595)
(1655, 0.0054709334)
(1157, 0.0054587442)
(4294, 0.005453813)
(4203, 0.0054465868)
(101, 0.005446242)
(116, 0.005438771)
(1072, 0.0054292846)
(3110, 0.005385968)
(1229, 0.005367322)
(3302, 0.005360564)
(275, 0.00535673)
(1765, 0.0053533297)
(31, 0.005340427)
(357, 0.00533861)
(3119, 0.005326133)
(1724, 0.0053030252)
(876, 0.005294718)
(2564, 0.0052925367)
(2917, 0.0052814893)
(1221, 0.0052788816)
(2027, 0.0052232556)
(1213, 0.0052062217)
(2225, 0.005201403)
(2427, 0.005188459)
(1297, 0.0051868595)
(3099, 0.0051833997)
(945, 0.005181796)
(2115, 0.005157616)
(656, 0.005155407)
(3100, 0.005145373)
(119, 0.005132706)
(595, 0.005109355)
(4437, 0.005108895)
(4305, 0.005096521)
(3177, 0.005092716)
(2809, 0.005088562)
(50, 0.005088521)
(576, 0.0050882054)
(4127, 0.0050844625)
(4034, 0.0050833076)
(968, 0.005071733)
(3201, 0.005071168)
(3289, 0.005060233)
(1337, 0.00504975)
(3894, 0.005047001)
(3850, 0.0050416403)
(3234, 0.005038783)
(2058, 0.0050353426)
(3681, 0.0050285384)
(1666, 0.0050233826)
(3116, 0.0050192997)
(1501, 0.0050169267)
(3071, 0.0050154338)
(4227, 0.0050146338)
(2318, 0.0050120503)
(763, 0.0049949773)
(412, 0.004994493)
(2090, 0.0049895477)
(1882, 0.0049875993)
(108, 0.0049833767)
(217, 0.004977461)
(1722, 0.0049710376)
(3043, 0.004952413)
(2188, 0.0049437433)
(2880, 0.004942639)
(539, 0.0049412036)
(4117, 0.004935501)
(4439, 0.0049337074)
(2869, 0.004926673)
(259, 0.004904885)
(3063, 0.004899389)
(4164, 0.00488754)
(2378, 0.0048854975)
(255, 0.0048735105)
(314, 0.0048488686)
(3918, 0.004828751)
(2187, 0.00482665)
(860, 0.0048184358)
(3661, 0.0048167314)
(1846, 0.0047769323)
(1625, 0.004768707)
(185, 0.0047621056)
(1016, 0.004724147)
(572, 0.0047062715)
(755, 0.004706256)
(1342, 0.004692355)
(2556, 0.004684627)
(1418, 0.004681658)
(2428, 0.0046664514)
(2098, 0.0046470324)
(1388, 0.004644041)
(7, 0.0046413345)
(2799, 0.0046397066)
(1462, 0.0046335347)
(1909, 0.0046289004)
(3118, 0.0046284646)
(1593, 0.0046251323)
(3895, 0.0046192408)
(2578, 0.004608812)
(2210, 0.004594017)
(632, 0.0045858044)
(1919, 0.004582785)
(2038, 0.0045737177)
(4322, 0.0045707673)
(3898, 0.0045264214)
(2610, 0.0045113056)
(3240, 0.004507674)
(3899, 0.004502028)
(1111, 0.004501894)
(1143, 0.0044908747)
(2551, 0.004477244)
(4138, 0.0044678915)
(3682, 0.004462132)
(392, 0.0044596754)
(1488, 0.004449902)
(2942, 0.004444886)
(75, 0.0044399956)
(2453, 0.0044374187)
(3653, 0.0044263285)
(1643, 0.004425686)
(3567, 0.0043746512)
(4418, 0.004365176)
(1515, 0.004360236)
(2486, 0.0043595373)
(3777, 0.0043474548)
(2430, 0.004347291)
(2617, 0.0043354277)
(3789, 0.0043347143)
(714, 0.004331656)
(3566, 0.004330896)
(2088, 0.0043250695)
(3454, 0.0043209735)
(3247, 0.004315165)
(2670, 0.00431465)
(1392, 0.0043145455)
(2780, 0.0043134354)
(1594, 0.004312072)
(3553, 0.0043114405)
(1456, 0.0043044053)
(1953, 0.0042955335)
(3536, 0.0042915307)
(2561, 0.0042884834)
(3213, 0.004283216)
(1413, 0.004275793)
(1532, 0.0042742053)
(910, 0.0042678043)
(4033, 0.0042515993)
(2337, 0.004229377)
(3208, 0.004228875)
(1603, 0.004227608)
(2133, 0.0042236988)
(2857, 0.004220694)
(148, 0.0042203013)
(875, 0.0042118467)
(3724, 0.0042062458)
(2818, 0.004197577)
(3626, 0.004193634)
(3699, 0.0041859)
(3147, 0.0041664634)
(861, 0.004145761)
(3331, 0.004135985)
(2861, 0.0041266847)
(4404, 0.004116481)
(478, 0.004103804)
(775, 0.004097838)
(1387, 0.0040973425)
(1785, 0.00409255)
(738, 0.0040817726)
(1109, 0.004079707)
(1702, 0.004069589)
(1110, 0.0040565953)
(1566, 0.004047238)
(2349, 0.004044747)
(2202, 0.0040434375)
(3297, 0.004039405)
(4038, 0.0040333197)
(893, 0.0040292144)
(4141, 0.004025828)
(2491, 0.0040219445)
(1255, 0.0040199365)
(1270, 0.0040199365)
(2868, 0.004015917)
(1440, 0.0040156897)
(24, 0.004015456)
(2986, 0.004007764)
(4368, 0.0040059015)
(2915, 0.0039994176)
(525, 0.003994059)
(1786, 0.0039897114)
(1787, 0.0039897114)
(3078, 0.0039847717)
(3050, 0.003984347)
(1039, 0.003982746)
(3512, 0.003977297)
(4041, 0.0039771684)
(2680, 0.003975317)
(3129, 0.0039746454)
(2414, 0.003972603)
(4134, 0.003970502)
(1427, 0.003963569)
(4122, 0.0039632292)
(1311, 0.003961712)
(1833, 0.003959436)
(1793, 0.0039289873)
(2122, 0.0039215432)
(3921, 0.0039060963)
(3259, 0.0039004395)
(2756, 0.0038881302)
(206, 0.0038875379)
(2264, 0.0038855635)
(65, 0.0038838275)
(3103, 0.003876973)
(190, 0.0038757985)
(3793, 0.003872797)
(4131, 0.003863085)
(2530, 0.003861839)
(1670, 0.0038590487)
(1495, 0.0038561057)
(4254, 0.0038404576)
(20, 0.0038347994)
(2034, 0.0038324678)
(571, 0.0038308185)
(2908, 0.0038243625)
(3388, 0.0038224915)
(2765, 0.003813209)
(4219, 0.0038060537)
(811, 0.0037988778)
(1362, 0.0037810486)
(2054, 0.0037808456)
(1542, 0.0037775263)
(1745, 0.0037765466)
(2989, 0.0037750658)
(3735, 0.0037708841)
(3113, 0.0037548263)
(4488, 0.0037515648)
(2889, 0.0037474558)
(1005, 0.0037472537)
(1845, 0.003744551)
(2914, 0.0037412941)
(1699, 0.0037357453)
(2854, 0.0037344052)
(3233, 0.003733959)
(2068, 0.0037287064)
(4067, 0.0037191175)
(2433, 0.0037155878)
(459, 0.003714025)
(4426, 0.003706351)
(3800, 0.003700113)
(3808, 0.003698662)
(2887, 0.0036981981)
(452, 0.0036944132)
(3329, 0.0036944132)
(3391, 0.0036944132)
(4004, 0.0036944132)
(1091, 0.0036888197)
(2239, 0.0036885925)
(2245, 0.0036818124)
(509, 0.0036734566)
(4175, 0.0036676005)
(2408, 0.0036673285)
(2569, 0.0036537405)
(3984, 0.003639277)
(1585, 0.0036391988)
(642, 0.0036388445)
(1431, 0.003637448)
(1918, 0.0036373744)
(562, 0.0036371723)
(3861, 0.0036357203)
(1610, 0.0036273263)
(2558, 0.0036115237)
(3091, 0.0036089998)
(2498, 0.0036078338)
(2844, 0.00360284)
(1554, 0.0036020465)
(2882, 0.0035912357)
(790, 0.0035881381)
(3638, 0.0035876557)
(3090, 0.0035831667)
(3561, 0.0035827532)
(2041, 0.003581658)
(70, 0.0035814233)
(1117, 0.003580819)
(2234, 0.0035804957)
(1719, 0.0035708249)
(3320, 0.0035656057)
(4072, 0.003562742)
(3685, 0.0035574986)
(2364, 0.0035570124)
(36, 0.0035411008)
(409, 0.003535349)
(81, 0.0035147145)
(3003, 0.0035102377)
(3634, 0.003508933)
(3469, 0.0035015102)
(3846, 0.0034979396)
(2966, 0.0034939907)
(2719, 0.0034904703)
(569, 0.0034894198)
(3229, 0.0034863735)
(2524, 0.0034854067)
(653, 0.0034847613)
(4049, 0.0034712777)
(1054, 0.0034709424)
(1280, 0.003466539)
(2817, 0.0034522926)
(2763, 0.0034405869)
(771, 0.0034400448)
(1242, 0.003435187)
(241, 0.003408799)
(396, 0.003408799)
(1755, 0.003408799)
(1843, 0.003408799)
(1873, 0.003408799)
(2150, 0.003408799)
(2401, 0.003408799)
(424, 0.0034079775)
(667, 0.0034041912)
(2488, 0.0033933856)
(3547, 0.0033930521)
(2377, 0.003392525)
(1926, 0.0033841692)
(3408, 0.0033788867)
(430, 0.0033712257)
(3421, 0.0033670207)
(1624, 0.0033606477)
(1864, 0.003355233)
(2600, 0.003355233)
(3280, 0.0033534355)
(3046, 0.0033529848)
(602, 0.0033518448)
(4445, 0.003348142)
(4123, 0.0033459403)
(2010, 0.0033363272)
(2675, 0.0033298787)
(4405, 0.0033293571)
(1098, 0.0033187289)
(887, 0.003314482)
(1149, 0.003311451)
(4476, 0.003311451)
(661, 0.0033111256)
(2367, 0.0033100368)
(1451, 0.003309384)
(2477, 0.0032974686)
(3179, 0.0032886527)
(1799, 0.00328759)
(2217, 0.0032865321)
(1753, 0.0032818662)
(1774, 0.0032671783)
(1215, 0.003265489)
(1763, 0.0032562874)
(605, 0.0032544062)
(3540, 0.003251587)
(994, 0.0032392293)
(1789, 0.0032363348)
(1073, 0.0032347748)
(2659, 0.003225319)
(3068, 0.003217969)
(2899, 0.0032167612)
(4116, 0.003211081)
(4283, 0.0032088514)
(1644, 0.0032074675)
(935, 0.003207312)
(4252, 0.0032053664)
(2368, 0.0032050675)
(339, 0.0031960383)
(2472, 0.003192436)
(1618, 0.003192123)
(211, 0.0031849965)
(1170, 0.0031849965)
(1071, 0.0031761117)
(2271, 0.0031712214)
(844, 0.0031700057)
(2493, 0.0031682039)
(3163, 0.0031673722)
(3194, 0.0031673722)
(1363, 0.003164813)
(2912, 0.00315982)
(3212, 0.00315959)
(2319, 0.003158806)
(772, 0.003157027)
(916, 0.0031528156)
(2290, 0.003151646)
(982, 0.0031505418)
(1817, 0.003149109)
(908, 0.0031413403)
(1860, 0.0031399466)
(2104, 0.0031333864)
(1442, 0.0031233244)
(1950, 0.0031211153)
(533, 0.0031070672)
(4087, 0.0031051636)
(1711, 0.0030997992)
(1827, 0.0030977316)
(2395, 0.0030773375)
(1512, 0.003076814)
(341, 0.0030746348)
(1134, 0.0030724965)
(1222, 0.0030676099)
(388, 0.0030639172)
(4342, 0.0030579045)
(3910, 0.003057899)
(2044, 0.0030551841)
(3838, 0.003053071)
(3238, 0.0030509718)
(626, 0.0030504)
(3255, 0.003048692)
(21, 0.0030482328)
(1991, 0.0030443687)
(2410, 0.0030443687)
(4355, 0.0030443687)
(3889, 0.0030415691)
(3790, 0.0030371812)
(2302, 0.0030359104)
(260, 0.0030308831)
(1899, 0.0030110907)
(689, 0.0030041784)
(3906, 0.0030036345)
(3506, 0.003000155)
(3531, 0.0029990822)
(1223, 0.0029990817)
(3015, 0.0029836753)
(467, 0.0029830066)
(648, 0.0029830066)
(2795, 0.002981691)
(2798, 0.002981691)
(3387, 0.002981691)
(3565, 0.002981691)
(3705, 0.002981691)
(3816, 0.002981691)
(3999, 0.002981691)
(4387, 0.002981691)
(4396, 0.002981691)
(2159, 0.0029812455)
(4236, 0.0029775323)
(3427, 0.0029733125)
(2965, 0.0029715127)
(2638, 0.0029688645)
(2623, 0.0029683374)
(3033, 0.002967171)
(2901, 0.0029667933)
(3007, 0.002959013)
(4191, 0.002959013)
(4467, 0.002959013)
(2742, 0.002954889)
(547, 0.002954824)
(1189, 0.0029459372)
(3256, 0.002945073)
(953, 0.0029411465)
(3326, 0.0029384717)
(2995, 0.0029353509)
(4410, 0.0029175002)
(2786, 0.00290452)
(2235, 0.0029027555)
(2695, 0.002900254)
(1469, 0.0028971732)
(1235, 0.0028965827)
(419, 0.0028950535)
(2263, 0.0028947517)
(511, 0.0028940141)
(226, 0.002889539)
(447, 0.002889539)
(3026, 0.0028883442)
(1744, 0.002887886)
(1936, 0.002877938)
(1200, 0.0028752955)
(2711, 0.0028749504)
(3679, 0.0028735192)
(1545, 0.0028717555)
(469, 0.0028639324)
(2973, 0.002863604)
(4423, 0.002859789)
(480, 0.0028594118)
(3412, 0.0028584613)
(3498, 0.0028581303)
(3619, 0.0028532501)
(3667, 0.0028332677)
(904, 0.0028235987)
(1031, 0.002817005)
(2909, 0.002812853)
(337, 0.0028095907)
(2749, 0.0028095907)
(2435, 0.0027935803)
(3823, 0.0027901158)
(2125, 0.0027882084)
(3760, 0.0027806684)
(1951, 0.0027751345)
(3615, 0.002772443)
(3701, 0.0027607195)
(4381, 0.00274783)
(4013, 0.0027337149)
(2525, 0.002719489)
(67, 0.0027018748)
(2784, 0.0026992336)
(2153, 0.0026971735)
(894, 0.0026943907)
(325, 0.0026934948)
(3444, 0.002687201)
(3832, 0.002681722)
(3502, 0.002663542)
(2994, 0.0026629865)
(868, 0.0026454516)
(2154, 0.0026252754)
(1575, 0.0026177466)
(3059, 0.0026139878)
(2618, 0.0026031602)
(1493, 0.0026001092)
(1969, 0.002597645)
(2057, 0.0025947029)
(4391, 0.0025907718)
(1234, 0.0025827754)
(508, 0.002581831)
(2550, 0.0025816867)
(460, 0.0025782064)
(4076, 0.0025716498)
(673, 0.0025707297)
(3753, 0.002569722)
(4383, 0.0025663315)
(3730, 0.0025578197)
(2412, 0.0025545992)
(643, 0.0025501847)
(2647, 0.0025448818)
(497, 0.0025338512)
(1884, 0.0025182627)
(2192, 0.0025121067)
(705, 0.0025111102)
(3251, 0.0025034584)
(2276, 0.0025014393)
(1245, 0.0024959072)
(1260, 0.0024959072)
(3312, 0.0024948642)
(3310, 0.0024819952)
(3311, 0.0024819952)
(3323, 0.0024819952)
(3343, 0.0024819952)
(3346, 0.0024819952)
(3361, 0.0024819952)
(3464, 0.0024819952)
(4483, 0.0024819952)
(1408, 0.0024802126)
(1032, 0.002471719)
(107, 0.0024555735)
(1823, 0.002452815)
(2791, 0.0024472177)
(1358, 0.002445165)
(1601, 0.0024326853)
(1904, 0.002432119)
(385, 0.0024314467)
(2199, 0.0024295393)
(1002, 0.0024289135)
(3711, 0.0024180468)
(1238, 0.0024126177)
(3614, 0.0024095736)
(1710, 0.0023962334)
(1922, 0.0023871027)
(4253, 0.002385851)
(380, 0.0023834445)
(1630, 0.002382595)
(635, 0.0023823772)
(2149, 0.0023823772)
(208, 0.0023792982)
(1556, 0.0023791753)
(748, 0.002374366)
(3371, 0.0023694662)
(574, 0.0023656515)
(2046, 0.002365156)
(2257, 0.002365156)
(1156, 0.0023638173)
(2612, 0.0023635402)
(2728, 0.0023612715)
(2849, 0.0023595542)
(3016, 0.0023594312)
(3132, 0.0023544985)
(1130, 0.0023504216)
(1023, 0.002346564)
(1697, 0.0023442488)
(2103, 0.0023378208)
(696, 0.002336584)
(2649, 0.0023339377)
(1204, 0.0023324788)
(4296, 0.0023276135)
(1159, 0.0023240522)
(1030, 0.0023152754)
(1916, 0.0023085643)
(733, 0.0023079887)
(1837, 0.002305761)
(1858, 0.002305761)
(2770, 0.0023041219)
(3662, 0.0022999942)
(3643, 0.0022934526)
(4028, 0.002276564)
(296, 0.0022663549)
(242, 0.002262095)
(1142, 0.0022595618)
(2089, 0.0022528544)
(1751, 0.0022506295)
(1661, 0.0022466816)
(4193, 0.0022434443)
(316, 0.0022342522)
(698, 0.0022342522)
(1231, 0.0022166322)
(2066, 0.0022165626)
(2859, 0.0022147894)
(730, 0.0022146031)
(3954, 0.0022091009)
(272, 0.002203565)
(2282, 0.002186954)
(1885, 0.0021866765)
(2250, 0.0021823416)
(2405, 0.002181843)
(2270, 0.0021732105)
(2333, 0.0021706969)
(1538, 0.0021693185)
(3973, 0.0021671392)
(3140, 0.0021443982)
(3244, 0.0021418538)
(1927, 0.0021380528)
(3127, 0.002137945)
(2107, 0.0021340903)
(2180, 0.0021282528)
(1989, 0.0021221293)
(102, 0.0021164669)
(3410, 0.002112545)
(3834, 0.0021104366)
(1126, 0.0021099616)
(971, 0.0021079304)
(99, 0.0020936169)
(1650, 0.0020923074)
(2338, 0.0020915829)
(1439, 0.0020913864)
(1457, 0.0020913864)
(4280, 0.0020884871)
(225, 0.0020776093)
(663, 0.0020691198)
(3034, 0.002063971)
(2891, 0.0020631058)
(3228, 0.0020595486)
(1908, 0.0020560846)
(2567, 0.00205037)
(3485, 0.002042435)
(3810, 0.0020405967)
(2184, 0.0020305663)
(2826, 0.0020187227)
(4307, 0.0020172745)
(848, 0.0020012073)
(1322, 0.0019966364)
(1327, 0.0019966364)
(1201, 0.0019949349)
(3356, 0.0019936254)
(3577, 0.0019928962)
(837, 0.0019769636)
(175, 0.001976557)
(3848, 0.0019661002)
(3478, 0.0019609854)
(374, 0.0019606613)
(1966, 0.001959931)
(3407, 0.0019461364)
(127, 0.0019384152)
(3048, 0.0019374378)
(2097, 0.0019249544)
(1517, 0.0019235918)
(4055, 0.0019210242)
(1907, 0.0019073337)
(895, 0.0018948046)
(2652, 0.001884616)
(557, 0.0018763607)
(1151, 0.0018750085)
(3641, 0.001873875)
(2834, 0.0018694922)
(1460, 0.0018664487)
(4459, 0.0018661339)
(3963, 0.0018625129)
(269, 0.0018616021)
(2885, 0.0018473165)
(903, 0.0018433873)
(1121, 0.0018395334)
(1732, 0.0018292461)
(3200, 0.0018284842)
(1445, 0.0018247068)
(2768, 0.0018222369)
(2790, 0.0018158257)
(1758, 0.0018042866)
(2641, 0.0017952621)
(2220, 0.0017889924)
(1964, 0.001774882)
(1205, 0.0017655715)
(2296, 0.0017578164)
(2444, 0.0017498303)
(188, 0.0017473511)
(3350, 0.001736965)
(4460, 0.0017348006)
(4077, 0.0017323196)
(3366, 0.0017216206)
(631, 0.0017209109)
(4056, 0.0017158901)
(3182, 0.0017148647)
(4080, 0.0017104186)
(1169, 0.0017043818)
(494, 0.0016955808)
(1600, 0.001689503)
(4295, 0.0016819686)
(3532, 0.0016807262)
(2866, 0.0016789027)
(3358, 0.0016774945)
(1378, 0.0016771946)
(670, 0.0016735122)
(1429, 0.0016689077)
(2195, 0.001657404)
(4135, 0.0016532252)
(95, 0.0016479269)
(4333, 0.0016476214)
(2663, 0.001644331)
(4317, 0.0016437694)
(254, 0.0016371813)
(2919, 0.0016336851)
(1802, 0.001631814)
(1669, 0.0016222782)
(4326, 0.0016196314)
(2304, 0.0016187653)
(2112, 0.0016173348)
(319, 0.0016000979)
(890, 0.0015999209)
(830, 0.0015958892)
(1197, 0.0015908005)
(2218, 0.0015908005)
(3794, 0.0015908005)
(1808, 0.0015857108)
(664, 0.0015806677)
(2991, 0.0015800335)
(3732, 0.0015767887)
(3000, 0.0015674317)
(3217, 0.0015654471)
(1485, 0.0015542619)
(3680, 0.0015474013)
(2411, 0.001523016)
(796, 0.0015228847)
(2725, 0.001505889)
(3487, 0.0015021414)
(3592, 0.0015016468)
(2731, 0.0015008645)
(1608, 0.001499515)
(4073, 0.0014986843)
(2312, 0.0014795307)
(943, 0.0014784075)
(285, 0.0014761165)
(2393, 0.0014684498)
(2323, 0.001464868)
(389, 0.0014627874)
(1423, 0.001461497)
(429, 0.0014568064)
(2227, 0.0014371201)
(4384, 0.0014286041)
(2787, 0.0014234111)
(3869, 0.001420781)
(2206, 0.0014150785)
(3095, 0.0014146362)
(481, 0.0014132261)
(552, 0.0014119847)
(2938, 0.0014113858)
(1246, 0.0014102254)
(1261, 0.0014102254)
(1963, 0.0014081765)
(3151, 0.0014081765)
(914, 0.0014061308)
(950, 0.0014061308)
(1874, 0.0014061308)
(2056, 0.0014061308)
(2261, 0.0014061308)
(2457, 0.0014061308)
(2536, 0.0014061308)
(2754, 0.0014061308)
(3374, 0.0014061308)
(3997, 0.0014061308)
(4065, 0.0014061308)
(4090, 0.0014061308)
(2042, 0.0014055828)
(1444, 0.001399722)
(3855, 0.001394554)
(458, 0.0013924697)
(1707, 0.0013876222)
(3589, 0.0013840497)
(827, 0.0013777129)
(350, 0.001374538)
(3271, 0.0013708454)
(4005, 0.0013610139)
(922, 0.0013596416)
(1105, 0.0013566054)
(4169, 0.0013473947)
(725, 0.0013469569)
(1611, 0.0013458058)
(371, 0.0013456419)
(476, 0.0013395157)
(826, 0.0013395157)
(919, 0.0013395157)
(1025, 0.0013395157)
(1049, 0.0013395157)
(1099, 0.0013395157)
(1122, 0.0013395157)
(1525, 0.0013395157)
(1536, 0.0013395157)
(1980, 0.0013395157)
(1983, 0.0013395157)
(2313, 0.0013395157)
(2370, 0.0013395157)
(2448, 0.0013395157)
(2483, 0.0013395157)
(2514, 0.0013395157)
(2747, 0.0013395157)
(2779, 0.0013395157)
(2911, 0.0013395157)
(2963, 0.0013395157)
(3104, 0.0013395157)
(3109, 0.0013395157)
(3863, 0.0013395157)
(3876, 0.0013395157)
(4318, 0.0013395157)
(311, 0.0013296213)
(1869, 0.0013143495)
(1551, 0.0013097003)
(4316, 0.0012990087)
(3286, 0.0012891814)
(1434, 0.0012829248)
(1947, 0.0012568068)
(4468, 0.0012526866)
(40, 0.0012338171)
(1970, 0.0012091938)
(2560, 0.0012089475)
(3337, 0.0012088846)
(3106, 0.0012083314)
(3345, 0.0012049377)
(2563, 0.0012047421)
(560, 0.0012029428)
(3342, 0.0012020878)
(3928, 0.0012020152)
(2824, 0.0012017004)
(3798, 0.0012016594)
(1114, 0.0012002587)
(2745, 0.0011999756)
(3773, 0.0011993945)
(1809, 0.0011975598)
(3057, 0.0011950899)
(956, 0.0011950862)
(268, 0.0011949576)
(223, 0.0011940971)
(2348, 0.0011937208)
(3024, 0.0011919495)
(2474, 0.0011911951)
(2335, 0.0011905804)
(2055, 0.0011890754)
(2544, 0.0011889245)
(2278, 0.0011885054)
(289, 0.0011881478)
(591, 0.0011873967)
(1913, 0.0011869073)
(370, 0.0011843643)
(4479, 0.0011808351)
(2767, 0.0011802223)
(1872, 0.0011764006)
(3675, 0.0011717454)
(3807, 0.0011705705)
(4098, 0.0011695283)
(2789, 0.0011658529)
(3519, 0.0011581257)
(2684, 0.0011508726)
(934, 0.0011445191)
(78, 0.0011337958)
(3505, 0.0011312999)
(2613, 0.0011309013)
(726, 0.001130309)
(3064, 0.0011271695)
(3797, 0.0011207629)
(2980, 0.0011198651)
(501, 0.0011182353)
(2407, 0.0011150241)
(3513, 0.0011142474)
(4463, 0.0011129789)
(4208, 0.0011096634)
(4288, 0.0011080392)
(2628, 0.0011076173)
(992, 0.0011064662)
(1943, 0.0011031274)
(3664, 0.001094019)
(905, 0.001083428)
(543, 0.0010795482)
(672, 0.0010795482)
(1747, 0.0010795482)
(1814, 0.0010795482)
(1839, 0.0010795482)
(1931, 0.0010795482)
(1985, 0.0010795482)
(1998, 0.0010795482)
(2208, 0.0010795482)
(2392, 0.0010795482)
(2451, 0.0010795482)
(2547, 0.0010795482)
(3430, 0.0010795482)
(3853, 0.0010795482)
(3902, 0.0010795482)
(4217, 0.0010795482)
(4224, 0.0010795482)
(1762, 0.0010765586)
(2178, 0.0010765586)
(4289, 0.0010765586)
(1695, 0.001073095)
(2086, 0.001073095)
(3542, 0.001073095)
(3235, 0.001066925)
(1162, 0.0010605948)
(263, 0.0010591634)
(4491, 0.0010569263)
(1147, 0.0010556318)
(1180, 0.001055615)
(3317, 0.0010548271)
(4425, 0.0010540374)
(3650, 0.0010508783)
(3979, 0.001049649)
(2978, 0.0010437518)
(257, 0.0010427497)
(977, 0.0010345522)
(2570, 0.0010266416)
(1243, 0.0010264907)
(1258, 0.0010264907)
(2576, 0.0010131374)
(2354, 0.0009995308)
(72, 0.0009944271)
(3813, 0.0009891968)
(1448, 0.0009848438)
(2733, 0.0009847302)
(2035, 0.0009846389)
(399, 0.0009843484)
(3460, 0.0009841584)
(3546, 0.0009812312)
(2320, 0.0009791488)
(2750, 0.00097593665)
(1994, 0.0009680018)
(3061, 0.000958249)
(3195, 0.00095240027)
(899, 0.0009475816)
(2775, 0.00094615296)
(2841, 0.00094615296)
(3791, 0.00094615296)
(2940, 0.00093786046)
(1933, 0.00093622785)
(1995, 0.00093622785)
(270, 0.00093128905)
(3028, 0.0009305924)
(1487, 0.00092890486)
(785, 0.00092070457)
(2375, 0.0009172149)
(161, 0.00091604516)
(882, 0.00090977736)
(1248, 0.00090645626)
(1263, 0.00090645626)
(23, 0.00090528745)
(4229, 0.0008975677)
(4260, 0.00089208037)
(3433, 0.00088293664)
(1178, 0.00087752193)
(2280, 0.00087367743)
(3093, 0.000872273)
(2434, 0.0008702725)
(4215, 0.00086597726)
(4050, 0.0008654259)
(3359, 0.00085734203)
(693, 0.00085484236)
(902, 0.00085106306)
(545, 0.0008476116)
(3292, 0.00084354077)
(499, 0.0008337982)
(1742, 0.0008301139)
(3344, 0.0008056648)
(2077, 0.0008047521)
(522, 0.0007959865)
(3966, 0.0007954035)
(3051, 0.00079347566)
(423, 0.00078880787)
(3535, 0.0007805377)
(3420, 0.00077918917)
(3158, 0.0007782467)
(963, 0.0007708445)
(464, 0.0007706601)
(633, 0.0007706601)
(3066, 0.0007535517)
(381, 0.000752029)
(1046, 0.0007484555)
(1990, 0.00073511526)
(2843, 0.00073463283)
(194, 0.0007233955)
(901, 0.00072218664)
(1792, 0.0007192157)
(2696, 0.0007175449)
(4035, 0.00071269344)
(3968, 0.00070963055)
(290, 0.0007060142)
(2360, 0.0007046489)
(3708, 0.000695074)
(2425, 0.000694016)
(1034, 0.0006913543)
(1452, 0.000683927)
(2988, 0.0006807372)
(2730, 0.00066505186)
(2867, 0.00065774657)
(4449, 0.0006548343)
(1597, 0.0006493777)
(680, 0.00064916443)
(2693, 0.00063940696)
(3318, 0.00063790753)
(379, 0.00063684955)
(847, 0.0006353222)
(2701, 0.0006348565)
(219, 0.0006337166)
(1629, 0.00063350005)
(1370, 0.00063276454)
(209, 0.0006319098)
(2277, 0.00062486436)
(4484, 0.0006196555)
(735, 0.00061713904)
(1676, 0.0006035641)
(4190, 0.0006016381)
(3154, 0.00059199333)
(2714, 0.0005875975)
(2479, 0.0005840361)
(3097, 0.0005777404)
(86, 0.0005765483)
(1770, 0.00056697987)
(261, 0.00056328345)
(970, 0.0005630674)
(1634, 0.0005627638)
(2244, 0.00056008645)
(2079, 0.00056008017)
(3156, 0.00055786036)
(1784, 0.0005374355)
(1788, 0.0005374355)
(1077, 0.000536032)
(3193, 0.0005325712)
(4421, 0.000531327)
(1649, 0.0005309172)
(3845, 0.000527747)
(85, 0.00052647106)
(1924, 0.00052570365)
(1500, 0.00051708147)
(737, 0.00051051937)
(3399, 0.0005100593)
(3994, 0.0004978925)
(2601, 0.00049238466)
(2833, 0.00049016904)
(880, 0.0004872852)
(2215, 0.00048441067)
(924, 0.00048017688)
(3637, 0.0004680343)
(2345, 0.00046651997)
(3710, 0.000460668)
(474, 0.00045010075)
(2030, 0.00045010075)
(249, 0.0004324927)
(4475, 0.00042699464)
(952, 0.0004245378)
(2071, 0.0004206784)
(4147, 0.0004182104)
(1287, 0.00041566044)
(3651, 0.0004094243)
(851, 0.0004077535)
(2190, 0.0004077535)
(3799, 0.0004077535)
(3937, 0.0004077535)
(954, 0.00040683895)
(2045, 0.00040237606)
(2645, 0.00040051248)
(2138, 0.0003904798)
(798, 0.0003897436)
(3883, 0.0003809221)
(3096, 0.00037472695)
(3221, 0.00037472695)
(3306, 0.00037472695)
(3768, 0.00037472695)
(660, 0.0003695935)
(3316, 0.00036327727)
(61, 0.00035647862)
(425, 0.00035452284)
(1106, 0.00035174843)
(3867, 0.0003507994)
(3491, 0.00035011768)
(470, 0.000345096)
(3770, 0.00033204257)
(2597, 0.00030810013)
(2016, 0.00028958265)
(3693, 0.0002848953)
(3398, 0.00028397702)
(3980, 0.00027765334)
(2526, 0.00027482212)
(708, 0.00025523454)
(3717, 0.00025023147)
(759, 0.00024862587)
(961, 0.0002484098)
(2298, 0.00022469647)
(4027, 0.00022382103)
(1383, 0.00022209436)
(4, 0.00020750496)
(1567, 0.00020146742)
(2311, 0.00020146742)
(4266, 0.00019865483)
(1017, 0.00019777194)
(3754, 0.00019094907)
(3775, 0.00018979609)
(155, 0.00018348359)
(128, 0.00018207356)
(3712, 0.00017413497)
(855, 0.00016777031)
(473, 0.000154946)
(2065, 0.00015393831)
(551, 0.0001495108)
(1279, 0.00014743954)
(4074, 0.00014619529)
(2757, 0.0001392141)
(1048, 0.00013612397)
(4111, 0.00013029948)
(1424, 0.00012721214)
(239, 0.0001268126)
(4001, 0.00012510363)
(2512, 0.00012466218)
(4415, 0.00012466218)
(1892, 0.000121720135)
(4025, 0.000121444464)
(1804, 0.00011958182)
(4429, 0.00010557845)
(1184, 0.00010470487)
(2162, 9.927899e-05)
(3134, 9.615719e-05)
(48, 9.285379e-05)
(2862, 9.20468e-05)
(1826, 9.04575e-05)
(3334, 8.811243e-05)
(4026, 8.3779916e-05)
(3479, 6.762659e-05)
(4136, 6.412156e-05)
(4174, 5.8246776e-05)
(3796, 4.547648e-05)
(3849, 4.547648e-05)
(1853, 3.891252e-05)
(881, 3.8128346e-05)
(2299, 2.9824674e-05)
(3081, 2.8342009e-05)
(3551, 2.8081238e-05)
(1421, 1.9481406e-05)
(786, 1.8171966e-05)
(90, 1.649931e-05)
(699, 1.468882e-05)
(4343, 1.4171004e-05)
(3218, 1.1121854e-05)
(463, 1.0709278e-05)
(2970, 1.0138378e-05)
(3873, 2.8852373e-06)
(3319, -3.4347177e-06)
(1549, -5.7090074e-06)
(2141, -7.666647e-06)
(4211, -9.292737e-06)
(3858, -1.2730481e-05)
(142, -1.2787059e-05)
(2372, -1.4018267e-05)
(22, -1.4219433e-05)
(1606, -4.0642917e-05)
(2156, -4.424341e-05)
(1589, -4.9348455e-05)
(3600, -6.000325e-05)
(997, -6.670784e-05)
(3854, -7.594377e-05)
(2642, -7.912051e-05)
(3299, -9.390339e-05)
(1568, -9.507127e-05)
(1756, -0.00010421872)
(3380, -0.00010525156)
(3936, -0.00011081761)
(2847, -0.00011096592)
(872, -0.00011115987)
(1955, -0.000121896155)
(2760, -0.00012955163)
(1402, -0.00013297424)
(3636, -0.00013463385)
(1632, -0.00014198478)
(1520, -0.00015803799)
(722, -0.00016123056)
(2351, -0.00016275048)
(1372, -0.00017096056)
(2020, -0.00017279387)
(1942, -0.00017472915)
(322, -0.00017879717)
(3645, -0.00018017739)
(3492, -0.00018309057)
(1749, -0.00018800702)
(622, -0.0002159737)
(3185, -0.00021711364)
(1042, -0.00021819863)
(212, -0.00022254512)
(601, -0.00022458099)
(3625, -0.00023246184)
(789, -0.00023586582)
(651, -0.0002477495)
(2832, -0.00025708973)
(1690, -0.00026120897)
(3914, -0.0002638884)
(3085, -0.00027587265)
(2683, -0.00028090435)
(2431, -0.00029695407)
(3814, -0.00030119717)
(4212, -0.00030624494)
(1332, -0.00033179764)
(3783, -0.00033196062)
(1129, -0.0003340356)
(3448, -0.00033611432)
(3691, -0.00034815446)
(503, -0.0003486639)
(1821, -0.0003563715)
(4181, -0.00037208572)
(2874, -0.00038036704)
(3037, -0.00039751083)
(3696, -0.0003981255)
(1912, -0.0003995318)
(1997, -0.00040129572)
(2373, -0.00042160787)
(3811, -0.00042589754)
(3666, -0.00042660162)
(1320, -0.00042764097)
(1390, -0.0004279092)
(711, -0.000429146)
(2906, -0.00043097697)
(3362, -0.000432916)
(2527, -0.00044650678)
(3865, -0.00045751035)
(1476, -0.00046187453)
(238, -0.00046212785)
(198, -0.00046920776)
(925, -0.00046932325)
(4304, -0.00047823414)
(3166, -0.00049314834)
(716, -0.0004943013)
(220, -0.0005033575)
(2751, -0.00050423294)
(4079, -0.00050792657)
(2175, -0.000514213)
(3594, -0.00051511824)
(317, -0.0005191257)
(2957, -0.000526797)
(4323, -0.0005309973)
(760, -0.0005349377)
(1870, -0.0005376674)
(482, -0.0005417466)
(3767, -0.0005422244)
(277, -0.00054416806)
(2163, -0.0005537253)
(1494, -0.000561011)
(3697, -0.00056419894)
(1302, -0.0005642846)
(985, -0.0005713217)
(2602, -0.00057190517)
(3079, -0.00057265535)
(2813, -0.00058430433)
(658, -0.0006114021)
(3748, -0.0006248094)
(2144, -0.0006279461)
(1406, -0.00062967837)
(1900, -0.000650309)
(761, -0.0006613806)
(1579, -0.0006638989)
(886, -0.0006810501)
(2633, -0.0007157102)
(235, -0.00071666576)
(4446, -0.0007175766)
(1578, -0.0007229708)
(781, -0.0007229913)
(1620, -0.0007250756)
(3998, -0.0007348035)
(1570, -0.0007385304)
(1728, -0.00074142683)
(2686, -0.00074638147)
(3672, -0.0007526949)
(437, -0.00076080766)
(4453, -0.0007623844)
(3004, -0.00076657534)
(1140, -0.00076730177)
(3659, -0.0007674806)
(1877, -0.0007729642)
(2679, -0.00077502243)
(3175, -0.00078303367)
(354, -0.00078527024)
(1820, -0.00080766156)
(1393, -0.00082095433)
(770, -0.0008257553)
(1067, -0.0008257553)
(4282, -0.00082846824)
(3011, -0.0008312054)
(3073, -0.0008313563)
(192, -0.00083956495)
(1700, -0.00084928237)
(2409, -0.0008515585)
(719, -0.0008551851)
(3032, -0.00085658394)
(1310, -0.0008575395)
(2619, -0.0008686036)
(1640, -0.00088232756)
(3692, -0.0008826107)
(3124, -0.00088318065)
(4198, -0.00089459866)
(144, -0.0008970387)
(2898, -0.00090152025)
(566, -0.0009062104)
(2446, -0.0009083012)
(1230, -0.0009095818)
(42, -0.00091991946)
(853, -0.00092157535)
(2895, -0.0009279689)
(3126, -0.0009341594)
(1675, -0.00093476847)
(1133, -0.0009447988)
(2528, -0.00094691385)
(3934, -0.0009488892)
(879, -0.0009499304)
(618, -0.00095006265)
(4309, -0.00095533207)
(351, -0.0009628963)
(2013, -0.00096686184)
(2990, -0.000981193)
(3778, -0.0009918613)
(2810, -0.0009948844)
(1070, -0.0010073585)
(248, -0.0010168031)
(3826, -0.0010211775)
(2580, -0.0010228679)
(3986, -0.0010230504)
(1203, -0.0010298789)
(4369, -0.0010640398)
(4340, -0.0010729269)
(4287, -0.0010868143)
(400, -0.0010888968)
(4338, -0.0010903124)
(3230, -0.0010914207)
(2831, -0.0010914356)
(2949, -0.0010982845)
(2815, -0.0010987893)
(454, -0.0011015702)
(843, -0.0011053793)
(1183, -0.001107282)
(4043, -0.0011167992)
(4051, -0.0011176122)
(831, -0.0011219017)
(3521, -0.0011232216)
(3160, -0.001133725)
(3242, -0.0011350559)
(3862, -0.0011359341)
(131, -0.001142107)
(3333, -0.0011472814)
(3406, -0.0011533685)
(4226, -0.0011598663)
(2543, -0.0011642855)
(1660, -0.0011652932)
(3377, -0.001175873)
(1910, -0.0011764523)
(942, -0.0011834125)
(1920, -0.0011839941)
(279, -0.0011978336)
(3047, -0.0012015328)
(2464, -0.0012137815)
(2114, -0.0012368038)
(3665, -0.0012394078)
(2074, -0.001241792)
(3736, -0.0012552515)
(3624, -0.0012599863)
(519, -0.0012626611)
(2537, -0.0012675077)
(2632, -0.0012696031)
(1237, -0.0012704856)
(443, -0.0012711026)
(3525, -0.0012715608)
(1527, -0.001273308)
(4464, -0.0012765191)
(3574, -0.0012799061)
(3472, -0.0012804419)
(140, -0.0012890082)
(1815, -0.0012907013)
(1103, -0.0012915973)
(3835, -0.0012917612)
(3475, -0.0012953077)
(3842, -0.0012954064)
(1584, -0.001298245)
(1805, -0.0013071466)
(4332, -0.0013083704)
(1664, -0.0013144286)
(4189, -0.00131879)
(3514, -0.0013203043)
(286, -0.00132774)
(4336, -0.001336805)
(3457, -0.0013393797)
(3946, -0.0013436228)
(2655, -0.0013442524)
(2845, -0.0013471432)
(2830, -0.0013560941)
(3495, -0.0013602227)
(203, -0.0013632751)
(251, -0.0013664905)
(3572, -0.0013689213)
(98, -0.0013696477)
(981, -0.0013765246)
(857, -0.0013922825)
(3052, -0.0013968609)
(871, -0.0013999827)
(1543, -0.0014194883)
(4014, -0.0014202595)
(3210, -0.0014229678)
(2871, -0.0014273701)
(1422, -0.0014284849)
(3960, -0.0014310107)
(4106, -0.0014461372)
(4490, -0.001450099)
(4149, -0.0014711916)
(3045, -0.0014815927)
(1282, -0.001486816)
(2858, -0.0014898591)
(624, -0.0014917683)
(1978, -0.0014928244)
(352, -0.0015144646)
(4179, -0.0015244186)
(1811, -0.0015248228)
(3379, -0.0015388709)
(592, -0.0015443228)
(3721, -0.0015639365)
(1097, -0.001568485)
(3206, -0.0015694257)
(2764, -0.0015714355)
(280, -0.0015956275)
(2336, -0.001602795)
(3877, -0.0016288906)
(1698, -0.0016317011)
(2232, -0.00164406)
(766, -0.0016450956)
(1715, -0.001650855)
(3576, -0.001656089)
(77, -0.0016829967)
(327, -0.0016938671)
(3852, -0.0017057918)
(1680, -0.0017096661)
(3273, -0.0017200839)
(3107, -0.0017237887)
(2588, -0.0017245086)
(3905, -0.0017261598)
(1273, -0.0017370526)
(3392, -0.0017458182)
(1307, -0.0017492333)
(2722, -0.0017555337)
(1822, -0.0017592032)
(2287, -0.0017635636)
(1088, -0.0017639697)
(1662, -0.0017656293)
(3654, -0.0017663576)
(2355, -0.0017734878)
(3429, -0.0017768443)
(4168, -0.0017792694)
(1096, -0.0017845426)
(4258, -0.0017887894)
(2925, -0.0018100515)
(3564, -0.0018114867)
(3603, -0.0018114867)
(2894, -0.0018148236)
(440, -0.0018224828)
(1009, -0.0018263981)
(3463, -0.0018533156)
(247, -0.0018558353)
(3338, -0.0018620398)
(2822, -0.0018674545)
(2968, -0.0018699616)
(1396, -0.0018705688)
(1293, -0.0018708576)
(384, -0.0018765363)
(1303, -0.0018892959)
(3305, -0.0018910468)
(2946, -0.0018931739)
(488, -0.0019027013)
(2879, -0.0019061305)
(1772, -0.0019064713)
(1013, -0.0019116364)
(3851, -0.001922287)
(3428, -0.0019254284)
(3170, -0.0019321572)
(1278, -0.0019346811)
(43, -0.0019360203)
(1239, -0.0019610114)
(974, -0.0019626655)
(3125, -0.001964964)
(958, -0.001967214)
(4451, -0.0019818675)
(4259, -0.001983583)
(2788, -0.0019944552)
(4321, -0.0019947384)
(1024, -0.001997441)
(2080, -0.001997441)
(1163, -0.002003559)
(668, -0.0020037405)
(4104, -0.0020070858)
(2903, -0.0020127287)
(3496, -0.0020139068)
(3909, -0.0020159334)
(1379, -0.0020234734)
(2811, -0.0020243227)
(1, -0.0020255)
(2557, -0.002027031)
(2416, -0.0020287018)
(1438, -0.0020310022)
(2023, -0.002058155)
(2944, -0.0020585991)
(2305, -0.0020604506)
(56, -0.002061464)
(787, -0.0020626187)
(2445, -0.0020641293)
(1240, -0.002065206)
(3267, -0.0020666774)
(3755, -0.0020692553)
(4008, -0.0020752884)
(3720, -0.0020757169)
(1609, -0.0020797784)
(2053, -0.0020812135)
(2771, -0.0021020193)
(4374, -0.002103649)
(1539, -0.0021071946)
(2294, -0.0021111146)
(1987, -0.0021175873)
(1481, -0.0021196045)
(3522, -0.0021201596)
(2496, -0.002122026)
(2661, -0.0021308456)
(1107, -0.0021343296)
(3956, -0.0021383278)
(995, -0.0021463074)
(4274, -0.0021480138)
(318, -0.0021494664)
(3202, -0.002157352)
(393, -0.0021625347)
(802, -0.0021694638)
(1511, -0.002170702)
(3357, -0.0021833638)
(1428, -0.0021839887)
(3025, -0.002184987)
(989, -0.00218606)
(3887, -0.0021877065)
(3631, -0.0021951422)
(652, -0.002198035)
(3629, -0.0022157757)
(1225, -0.0022282377)
(3442, -0.0022380278)
(3825, -0.0022567734)
(1961, -0.002263085)
(1299, -0.0022690836)
(2024, -0.0022819303)
(100, -0.0022857971)
(3437, -0.0022862144)
(457, -0.002297109)
(8, -0.0022985209)
(4107, -0.0023152381)
(4039, -0.0023234747)
(143, -0.002326917)
(1652, -0.0023301216)
(2794, -0.0023338683)
(3483, -0.0023377482)
(1312, -0.002339583)
(1627, -0.002360521)
(1750, -0.0023686793)
(2064, -0.0023760945)
(2129, -0.0023760945)
(4114, -0.002376819)
(489, -0.0023771655)
(3002, -0.0023789033)
(2518, -0.0023810351)
(273, -0.0023815408)
(500, -0.0023844987)
(446, -0.0023884084)
(2744, -0.0023911446)
(1791, -0.002391519)
(3396, -0.0023916308)
(404, -0.0024029035)
(462, -0.0024029035)
(1083, -0.0024061473)
(2964, -0.0024096668)
(2387, -0.0024117678)
(2678, -0.0024132598)
(3878, -0.0024172198)
(2552, -0.0024233013)
(3181, -0.0024337787)
(1403, -0.002434914)
(1398, -0.0024521265)
(4184, -0.002463393)
(3014, -0.002463635)
(4345, -0.0024648495)
(4462, -0.0024730787)
(3859, -0.002473252)
(4094, -0.002475231)
(165, -0.0024894178)
(428, -0.0024944143)
(1716, -0.0025057718)
(4351, -0.0025069378)
(138, -0.0025199726)
(25, -0.0025214013)
(957, -0.0025229342)
(2201, -0.0025232919)
(3656, -0.00253072)
(246, -0.0025342926)
(153, -0.002534531)
(154, -0.002534531)
(163, -0.002534531)
(2165, -0.0025457097)
(3706, -0.0025499016)
(156, -0.0025691986)
(1226, -0.0025712065)
(167, -0.0025732815)
(1555, -0.002578902)
(4006, -0.0025793575)
(928, -0.0025802515)
(657, -0.002590523)
(362, -0.0026150756)
(1026, -0.0026159557)
(1347, -0.0026159957)
(2755, -0.0026385142)
(565, -0.0026429417)
(2640, -0.0026464202)
(347, -0.0026572952)
(2052, -0.0026576817)
(1336, -0.002661083)
(344, -0.0026611397)
(3527, -0.0026631132)
(1333, -0.002674234)
(3607, -0.0026855655)
(2736, -0.0026864465)
(320, -0.0026874281)
(2049, -0.0026948936)
(639, -0.0026956275)
(1112, -0.002698006)
(496, -0.0027195)
(1708, -0.0027196016)
(3919, -0.0027367473)
(608, -0.0027378537)
(701, -0.0027488284)
(1673, -0.0027497206)
(2716, -0.0027566254)
(3939, -0.0027580503)
(980, -0.0027638394)
(1015, -0.002764346)
(854, -0.002771669)
(1958, -0.0027908701)
(976, -0.0028080977)
(2022, -0.002816338)
(342, -0.0028210431)
(2913, -0.0028215945)
(810, -0.0028247088)
(2840, -0.0028329305)
(2616, -0.0028348677)
(3828, -0.0028482154)
(2773, -0.0028520403)
(3503, -0.0028536879)
(19, -0.0028597787)
(390, -0.002863165)
(1535, -0.0028634071)
(1577, -0.0028676335)
(3958, -0.0028686067)
(1050, -0.00286939)
(3581, -0.0028758906)
(2481, -0.002882637)
(3315, -0.002902953)
(647, -0.0029084012)
(598, -0.0029149503)
(1137, -0.0029177582)
(4265, -0.0029289704)
(1325, -0.0029377602)
(3562, -0.002949832)
(1193, -0.0029523512)
(4153, -0.0029596686)
(1529, -0.002961414)
(604, -0.0029715002)
(301, -0.0029847212)
(800, -0.0030009001)
(1375, -0.0030011493)
(1776, -0.0030216463)
(2827, -0.003026493)
(293, -0.0030311868)
(674, -0.0030391142)
(780, -0.0030476972)
(2226, -0.0030494016)
(2923, -0.0030627884)
(191, -0.0030719545)
(1233, -0.003075447)
(2893, -0.003077262)
(3139, -0.0030855704)
(1687, -0.003096262)
(1437, -0.0030981377)
(295, -0.0031047799)
(2881, -0.003117947)
(3336, -0.0031393506)
(3523, -0.0031452728)
(2599, -0.0031499807)
(1759, -0.0031567998)
(1174, -0.0031586178)
(2275, -0.0031785294)
(3417, -0.0031814054)
(1521, -0.0031830035)
(646, -0.0031952178)
(750, -0.003204967)
(4040, -0.0032208767)
(1558, -0.0032224907)
(695, -0.0032279175)
(461, -0.003229279)
(3219, -0.0032317173)
(2036, -0.0032448228)
(4375, -0.0032455996)
(4328, -0.003250774)
(927, -0.003281679)
(2846, -0.0032823943)
(3915, -0.0032823943)
(2702, -0.003294311)
(3384, -0.0032970607)
(123, -0.0033313967)
(1296, -0.003331907)
(3733, -0.0033411328)
(926, -0.003342932)
(288, -0.003346067)
(221, -0.0033556726)
(180, -0.00335785)
(1777, -0.0033591762)
(807, -0.0033651823)
(2061, -0.0033672024)
(3029, -0.003370691)
(1357, -0.0033795834)
(2242, -0.0033818455)
(4082, -0.0033914447)
(210, -0.0033947695)
(3023, -0.0034008138)
(1972, -0.0034045726)
(2673, -0.0034051286)
(2607, -0.0034107417)
(2468, -0.0034113005)
(2603, -0.003418969)
(2489, -0.0034270603)
(172, -0.0034304727)
(3207, -0.0034366436)
(417, -0.0034409538)
(1283, -0.0034435596)
(4310, -0.0034530312)
(1453, -0.0034601167)
(1339, -0.003461876)
(1646, -0.0034718886)
(828, -0.003473185)
(2726, -0.003474079)
(1128, -0.003474323)
(4064, -0.0034816172)
(671, -0.00350992)
(1930, -0.0035121143)
(1518, -0.0035194457)
(3597, -0.003538143)
(4300, -0.0035385638)
(2458, -0.0035388395)
(1797, -0.0035505556)
(262, -0.0035543963)
(80, -0.003557004)
(2346, -0.0035573598)
(2759, -0.0035583326)
(686, -0.0035592262)
(4402, -0.00356064)
(4291, -0.003573928)
(2519, -0.0035883337)
(2291, -0.003590323)
(3452, -0.0036136154)
(2255, -0.0036406554)
(14, -0.0036558807)
(16, -0.0036558807)
(18, -0.0036558807)
(3216, -0.003687786)
(1547, -0.003702771)
(1917, -0.0037035942)
(3142, -0.0037101149)
(3372, -0.0037112609)
(4413, -0.0037146062)
(3663, -0.003722055)
(3613, -0.0037274025)
(4373, -0.0037545376)
(710, -0.003768457)
(1665, -0.00377227)
(1574, -0.0037745126)
(4000, -0.0037747696)
(2069, -0.0037778523)
(196, -0.0037833136)
(3552, -0.0037949737)
(4422, -0.0037949812)
(2699, -0.0037990212)
(2506, -0.0038004136)
(2072, -0.0038036369)
(3761, -0.0038136952)
(2396, -0.0038176365)
(264, -0.0038180947)
(2993, -0.0038187206)
(4183, -0.003822796)
(1401, -0.0038340362)
(58, -0.0038438905)
(0, -0.0038444437)
(4430, -0.003846718)
(3041, -0.003847681)
(1344, -0.0038576778)
(1903, -0.0038579218)
(4480, -0.0038605854)
(2390, -0.0038617514)
(1455, -0.0038702693)
(1514, -0.0038769078)
(3596, -0.0038938038)
(3558, -0.0039041862)
(1973, -0.003932938)
(2586, -0.003948928)
(579, -0.00394966)
(2669, -0.0039501227)
(1607, -0.003978636)
(1251, -0.0039998107)
(1266, -0.0039998107)
(1616, -0.0040032277)
(406, -0.0040038675)
(2008, -0.004009366)
(1058, -0.0040123165)
(4264, -0.0040146224)
(2886, -0.0040202513)
(3652, -0.0040203985)
(4185, -0.004029028)
(377, -0.004029751)
(3288, -0.00403917)
(2186, -0.004046984)
(4354, -0.0040473426)
(162, -0.004051991)
(4230, -0.00405599)
(3880, -0.004060935)
(2782, -0.004071055)
(1949, -0.0040720254)
(2643, -0.0040775593)
(1118, -0.0040810443)
(2954, -0.004083084)
(1886, -0.0040897876)
(936, -0.004092239)
(1674, -0.004099855)
(4105, -0.004118398)
(3137, -0.0041237287)
(1108, -0.004126638)
(3461, -0.0041299313)
(4146, -0.004135212)
(912, -0.004135318)
(2123, -0.004145205)
(960, -0.0041542444)
(141, -0.0041606426)
(581, -0.0041758604)
(2307, -0.004177965)
(2134, -0.004207805)
(808, -0.00420989)
(4086, -0.004211474)
(28, -0.004211912)
(3143, -0.004222892)
(2540, -0.004226161)
(54, -0.0042268503)
(4202, -0.0042299824)
(3745, -0.0042608995)
(1173, -0.0042627454)
(1741, -0.0042641945)
(1376, -0.0042675883)
(2950, -0.0042709075)
(3660, -0.0042856466)
(2344, -0.0042940527)
(675, -0.004299633)
(1743, -0.0043085003)
(4030, -0.0043090917)
(2385, -0.0043114694)
(3069, -0.004313156)
(1463, -0.0043328516)
(1326, -0.004334124)
(3727, -0.0043345466)
(3378, -0.0043353075)
(236, -0.0043367296)
(839, -0.0043402277)
(1037, -0.0043412037)
(3402, -0.004341699)
(3744, -0.0043545845)
(3102, -0.0043651313)
(1399, -0.0043690167)
(1127, -0.0043802094)
(4409, -0.004387793)
(1380, -0.0044000708)
(757, -0.004402197)
(4119, -0.004402222)
(4228, -0.004404325)
(1599, -0.0044048727)
(2403, -0.004417572)
(587, -0.00441763)
(495, -0.004434362)
(3892, -0.0044434704)
(1819, -0.0044469386)
(2609, -0.0044469386)
(2667, -0.00444714)
(2698, -0.0044514537)
(3123, -0.004455341)
(1672, -0.0044762073)
(184, -0.004503309)
(2928, -0.0045111757)
(2060, -0.004522722)
(3133, -0.004543036)
(1925, -0.004546376)
(1256, -0.004553251)
(1271, -0.004553251)
(1208, -0.004555978)
(3426, -0.0045618154)
(1101, -0.004562713)
(2221, -0.0045758896)
(2918, -0.004581623)
(38, -0.004596498)
(2948, -0.004601269)
(3295, -0.004605226)
(195, -0.0046147257)
(197, -0.0046147257)
(2487, -0.0046189586)
(4233, -0.004627672)
(57, -0.0046284813)
(310, -0.0046329424)
(1181, -0.00463764)
(4118, -0.0046555903)
(3884, -0.0046618134)
(60, -0.004678388)
(3447, -0.004684463)
(228, -0.004717879)
(2118, -0.0047314465)
(2523, -0.0047388077)
(2983, -0.0047496734)
(3991, -0.004753839)
(795, -0.004758939)
(4371, -0.004761884)
(805, -0.004767701)
(492, -0.00477409)
(3325, -0.0047773514)
(3062, -0.004784109)
(814, -0.0048001017)
(3462, -0.0048042443)
(4450, -0.004807152)
(87, -0.0048147403)
(2437, -0.0048158783)
(4352, -0.0048233904)
(3891, -0.004823748)
(2191, -0.0048319604)
(1482, -0.0048362054)
(32, -0.004840713)
(1384, -0.004846362)
(609, -0.0048525957)
(2873, -0.0048575103)
(1497, -0.0048641684)
(2157, -0.0048682094)
(91, -0.004877083)
(88, -0.004888665)
(271, -0.004892243)
(2469, -0.00489961)
(2177, -0.0049034655)
(2593, -0.0049066115)
(160, -0.004916813)
(2259, -0.0049299924)
(3022, -0.004938502)
(63, -0.004940739)
(4472, -0.0049423007)
(2485, -0.004942637)
(3635, -0.004947096)
(4054, -0.004967086)
(1867, -0.0049675405)
(3787, -0.004970421)
(1503, -0.0049763992)
(4251, -0.004981408)
(874, -0.0049959645)
(83, -0.00502027)
(118, -0.0050261766)
(2353, -0.0050370796)
(164, -0.0050463863)
(4113, -0.0050514294)
(1044, -0.0050664525)
(3277, -0.005069278)
(213, -0.0050767586)
(3414, -0.0050782636)
(3583, -0.005095133)
(1795, -0.005096053)
(3031, -0.0051028356)
(435, -0.005112212)
(4427, -0.005113218)
(1735, -0.005117018)
(2100, -0.005129043)
(3964, -0.0051347986)
(3752, -0.0051438212)
(3776, -0.0051451763)
(4024, -0.005153264)
(2752, -0.0051550586)
(2735, -0.005155498)
(333, -0.0051629227)
(4152, -0.00516697)
(37, -0.0051741116)
(359, -0.005182785)
(2704, -0.005195562)
(2213, -0.0052159745)
(2183, -0.0052333344)
(13, -0.0052339714)
(1144, -0.005236406)
(2689, -0.00524004)
(575, -0.005254641)
(1329, -0.0052833557)
(1018, -0.005306922)
(465, -0.005311683)
(2019, -0.0053312667)
(3609, -0.0053479094)
(3493, -0.0053567104)
(1059, -0.005369112)
(1783, -0.0053798035)
(2636, -0.0053847395)
(2073, -0.005387783)
(2203, -0.0053930786)
(2288, -0.00540552)
(3424, -0.005411744)
(3550, -0.0054271333)
(2816, -0.00542744)
(2819, -0.0054360023)
(1206, -0.005438037)
(1412, -0.005458976)
(1027, -0.0054641627)
(1474, -0.00547041)
(4011, -0.0054742135)
(4115, -0.0054769656)
(4434, -0.005494492)
(2248, -0.0055014566)
(4231, -0.005502969)
(1881, -0.005514253)
(1941, -0.005521005)
(376, -0.0055404194)
(2581, -0.0055551194)
(3434, -0.0055625066)
(2480, -0.0055669155)
(4109, -0.005570897)
(3381, -0.00557195)
(1887, -0.0055774897)
(4432, -0.0055898614)
(4165, -0.0055909753)
(1590, -0.005606268)
(3926, -0.0056195464)
(809, -0.0056277327)
(4018, -0.0056342576)
(1116, -0.005634293)
(2179, -0.005634293)
(3969, -0.005634293)
(1582, -0.0056404136)
(1598, -0.005642699)
(1862, -0.0056432467)
(1848, -0.005644682)
(3985, -0.005644682)
(1895, -0.0056508407)
(1623, -0.0056567043)
(3684, -0.005665228)
(532, -0.0056688953)
(554, -0.005691342)
(518, -0.0056931786)
(666, -0.005695671)
(1314, -0.0057150126)
(4012, -0.0057216166)
(1115, -0.00572198)
(1546, -0.0057223625)
(2533, -0.0057318006)
(152, -0.005755141)
(3722, -0.005757194)
(1548, -0.005758032)
(3713, -0.0057610236)
(1883, -0.0057619363)
(1945, -0.005777471)
(3731, -0.0057827104)
(2059, -0.0058021634)
(253, -0.0058076233)
(3500, -0.0058178697)
(3988, -0.0058178697)
(741, -0.0058599524)
(1685, -0.0058682635)
(1906, -0.005882796)
(1148, -0.005885359)
(685, -0.0058883755)
(2741, -0.0058962023)
(3644, -0.0058976635)
(3040, -0.005904465)
(613, -0.0059175193)
(3161, -0.005934108)
(1984, -0.0059359837)
(3856, -0.00593666)
(3349, -0.005945353)
(2920, -0.0059519)
(505, -0.005958425)
(1977, -0.0059783235)
(4170, -0.0059830043)
(1136, -0.0059831925)
(2931, -0.005986266)
(2440, -0.005994782)
(1897, -0.0060261153)
(1764, -0.006035355)
(4053, -0.0060381647)
(911, -0.006040657)
(3670, -0.006044645)
(3971, -0.006044645)
(1563, -0.0060450975)
(3803, -0.006047287)
(1636, -0.00604997)
(3888, -0.006056048)
(4412, -0.0060574804)
(2422, -0.0060670003)
(1447, -0.00609049)
(1856, -0.006096244)
(2548, -0.0060989056)
(913, -0.0061026365)
(2269, -0.0061118826)
(3168, -0.006132889)
(3951, -0.00614193)
(1068, -0.0061425827)
(201, -0.006150555)
(2732, -0.006155179)
(728, -0.006159488)
(650, -0.006168194)
(4083, -0.0061707236)
(3612, -0.0061914213)
(4380, -0.00620242)
(502, -0.006204687)
(2212, -0.0062192082)
(4216, -0.00622344)
(2467, -0.0062317885)
(2365, -0.00624381)
(3649, -0.0062559135)
(1341, -0.0062570106)
(1094, -0.0062579494)
(793, -0.0062585957)
(4299, -0.006261886)
(1731, -0.006265726)
(276, -0.0062697735)
(3967, -0.006278351)
(3296, -0.0062942524)
(4223, -0.0062976293)
(3335, -0.006302204)
(2671, -0.0063130483)
(1831, -0.0063139964)
(823, -0.0063324086)
(4032, -0.0063365437)
(1281, -0.0063459016)
(832, -0.006366864)
(1284, -0.0063698944)
(2545, -0.006370807)
(2532, -0.0063761612)
(628, -0.006378658)
(442, -0.0063864375)
(4245, -0.006403856)
(2985, -0.00641335)
(3056, -0.00641335)
(949, -0.006420305)
(677, -0.0064225905)
(1253, -0.00643678)
(1268, -0.00643678)
(4085, -0.006447226)
(3738, -0.006457962)
(3751, -0.0064593144)
(4454, -0.006459391)
(3779, -0.006463386)
(1944, -0.006483443)
(3226, -0.0064889304)
(3473, -0.0064922273)
(1004, -0.006516136)
(109, -0.0065169167)
(1079, -0.0065274686)
(2566, -0.006527493)
(1275, -0.0065306476)
(1219, -0.00653452)
(933, -0.0065346695)
(1841, -0.0065374635)
(2729, -0.0065404195)
(1748, -0.0065781083)
(1693, -0.0065784752)
(438, -0.0066025807)
(422, -0.006614702)
(938, -0.0066172443)
(1472, -0.0066219736)
(408, -0.006626969)
(1066, -0.0066484977)
(1905, -0.006675018)
(4177, -0.0066789994)
(55, -0.0066810977)
(2639, -0.006682433)
(439, -0.006682871)
(3627, -0.006705677)
(2837, -0.0067323856)
(833, -0.006763804)
(2865, -0.006764373)
(3227, -0.0067691095)
(4279, -0.0068052653)
(451, -0.0068218857)
(2739, -0.006825174)
(3949, -0.0068498068)
(4210, -0.0068522524)
(1914, -0.006854655)
(528, -0.0068608113)
(3086, -0.006861504)
(1612, -0.006862251)
(4232, -0.006868247)
(1523, -0.006874362)
(1232, -0.0068749306)
(751, -0.0068779737)
(3586, -0.006882917)
(4361, -0.0068970537)
(2014, -0.006904278)
(420, -0.0069118333)
(706, -0.0069229472)
(4192, -0.006923305)
(967, -0.0069262106)
(649, -0.006927144)
(700, -0.0069375206)
(1022, -0.006938936)
(181, -0.006941512)
(517, -0.0069705527)
(2033, -0.006978955)
(1760, -0.006993591)
(1572, -0.006995363)
(298, -0.0070044817)
(3927, -0.007019112)
(1166, -0.0070329234)
(753, -0.0070379153)
(15, -0.0070429957)
(3080, -0.00704927)
(2406, -0.0070580468)
(2495, -0.007071499)
(3294, -0.0070814723)
(586, -0.007090004)
(3962, -0.0070970664)
(2877, -0.0071211355)
(3747, -0.0071278363)
(1062, -0.007131501)
(515, -0.007139899)
(214, -0.0071418737)
(27, -0.007144898)
(2668, -0.007144898)
(3943, -0.007146133)
(4046, -0.0071473643)
(1560, -0.0071944054)
(324, -0.0072042197)
(1404, -0.0072084498)
(1505, -0.007227822)
(2565, -0.0072426107)
(3714, -0.0072439117)
(3248, -0.0072465204)
(2463, -0.0072620064)
(820, -0.0072723683)
(2904, -0.007293761)
(79, -0.0073066056)
(3466, -0.007316187)
(1104, -0.0073427353)
(227, -0.007354714)
(1135, -0.0073828846)
(2301, -0.007409092)
(2801, -0.007413391)
(3545, -0.007453229)
(1509, -0.0074537955)
(4350, -0.007462289)
(96, -0.0074807135)
(1065, -0.0074856267)
(2658, -0.007489303)
(4102, -0.007501195)
(1894, -0.0075015053)
(2727, -0.0075015053)
(3674, -0.0075015053)
(3917, -0.0075015053)
(4247, -0.0075015053)
(2589, -0.00750152)
(2455, -0.0075182095)
(2494, -0.0075182095)
(2096, -0.007548979)
(121, -0.007558927)
(2707, -0.0075623393)
(2330, -0.0075734723)
(821, -0.0075772153)
(2314, -0.0075831725)
(68, -0.007591648)
(187, -0.007591648)
(304, -0.0075917896)
(1996, -0.0075948127)
(907, -0.0076120496)
(303, -0.0076134014)
(2389, -0.007646678)
(338, -0.0076798256)
(947, -0.0077407174)
(521, -0.007743202)
(1800, -0.007749307)
(1648, -0.0077647693)
(1850, -0.007785937)
(51, -0.0077892756)
(834, -0.0077948114)
(1689, -0.0078061037)
(1076, -0.007808557)
(3646, -0.0078137275)
(3293, -0.007826878)
(1561, -0.007833997)
(4395, -0.007849339)
(4045, -0.007864436)
(1553, -0.007873889)
(4099, -0.007875042)
(126, -0.007877119)
(4240, -0.007885439)
(541, -0.00791534)
(2896, -0.007931415)
(3386, -0.007939719)
(4302, -0.007964896)
(2383, -0.007982435)
(2139, -0.007989157)
(1768, -0.007992201)
(3105, -0.008015003)
(2128, -0.008026086)
(2001, -0.008033671)
(34, -0.008040341)
(3870, -0.008061043)
(132, -0.008066149)
(2293, -0.008080127)
(4268, -0.008082423)
(278, -0.008090619)
(1499, -0.008106435)
(3476, -0.008108556)
(2000, -0.008112285)
(3131, -0.00813866)
(965, -0.0081390925)
(3108, -0.008140426)
(3115, -0.008171368)
(4281, -0.008176934)
(3265, -0.008198257)
(3707, -0.008204997)
(2664, -0.008209186)
(74, -0.008214559)
(1158, -0.008219637)
(3189, -0.008229991)
(918, -0.008236972)
(2662, -0.0082449345)
(529, -0.008271933)
(866, -0.008289423)
(2120, -0.008300662)
(3904, -0.008309271)
(1709, -0.008310795)
(819, -0.008318244)
(2102, -0.00833278)
(2076, -0.008335341)
(3922, -0.0083419755)
(204, -0.008343738)
(136, -0.008378677)
(3117, -0.008397551)
(2553, -0.008418055)
(4335, -0.008439273)
(1430, -0.008474683)
(4235, -0.008476123)
(4442, -0.008476123)
(1979, -0.008477423)
(2253, -0.008483447)
(2666, -0.008522667)
(2442, -0.008539785)
(870, -0.008544497)
(3054, -0.00855349)
(3474, -0.008563486)
(4431, -0.00856563)
(1830, -0.0085825585)
(4465, -0.008606384)
(177, -0.008616913)
(3482, -0.008642536)
(2738, -0.0086455345)
(1466, -0.008648463)
(3152, -0.008653233)
(4319, -0.008659501)
(2197, -0.008663102)
(2823, -0.008690739)
(4068, -0.008693822)
(2630, -0.008709356)
(2135, -0.00875311)
(4486, -0.0087541565)
(1409, -0.008757895)
(2644, -0.008773984)
(2850, -0.008804165)
(1988, -0.0088432655)
(2340, -0.008849852)
(1626, -0.008849924)
(3309, -0.008850999)
(3279, -0.008851513)
(110, -0.008867955)
(2674, -0.00887027)
(1880, -0.008894093)
(59, -0.008925654)
(1528, -0.008944013)
(4095, -0.008948132)
(3901, -0.008981075)
(3150, -0.009005029)
(1211, -0.00900639)
(3431, -0.0090253595)
(713, -0.009028178)
(202, -0.009052889)
(2621, -0.009056397)
(3759, -0.009081077)
(504, -0.009115361)
(1470, -0.009129342)
(1410, -0.009139009)
(3178, -0.009142831)
(3815, -0.009144523)
(930, -0.00914661)
(2590, -0.009154358)
(3237, -0.009182118)
(740, -0.009193039)
(3772, -0.00919356)
(2174, -0.009215038)
(151, -0.009228412)
(4469, -0.009247042)
(2577, -0.009280477)
(1164, -0.009287905)
(891, -0.009295672)
(984, -0.009339325)
(2095, -0.009360995)
(3258, -0.009374654)
(1188, -0.009381361)
(3245, -0.009387543)
(1866, -0.009388363)
(991, -0.009389676)
(1011, -0.009395458)
(3688, -0.009397712)
(1934, -0.009416288)
(744, -0.0094626695)
(2039, -0.009473421)
(378, -0.009474456)
(1346, -0.009485726)
(1354, -0.009485726)
(1356, -0.009485726)
(1382, -0.009485726)
(2449, -0.009498684)
(2237, -0.00951384)
(1957, -0.009517789)
(3689, -0.009529389)
(313, -0.009549573)
(431, -0.009581411)
(3947, -0.009581679)
(2962, -0.009594672)
(33, -0.009602321)
(2860, -0.009619776)
(779, -0.009621676)
(594, -0.009638559)
(1767, -0.00964188)
(2614, -0.009643757)
(364, -0.009654701)
(418, -0.009654701)
(2646, -0.009656521)
(2009, -0.009689077)
(4022, -0.009690462)
(2690, -0.009693112)
(3187, -0.009705082)
(2959, -0.009714191)
(955, -0.009730864)
(1475, -0.009735301)
(2746, -0.00977638)
(1308, -0.009781427)
(659, -0.00978698)
(2031, -0.009790584)
(3287, -0.009793002)
(358, -0.009802628)
(2554, -0.009805255)
(1120, -0.009811809)
(49, -0.00982294)
(754, -0.009823071)
(1227, -0.009843657)
(1295, -0.009852409)
(1400, -0.009862091)
(1435, -0.009862091)
(1006, -0.009867229)
(3822, -0.00989912)
(3065, -0.009901894)
(2247, -0.009912898)
(3715, -0.009913022)
(4398, -0.009947657)
(2967, -0.009964339)
(2503, -0.0099723805)
(1847, -0.00998692)
(1541, -0.010005254)
(4205, -0.010005254)
(326, -0.010040289)
(1113, -0.010050832)
(3135, -0.010054894)
(2361, -0.010061458)
(4132, -0.010064393)
(1373, -0.010101577)
(4075, -0.01011627)
(3840, -0.010143503)
(1285, -0.010146867)
(1210, -0.010202078)
(1236, -0.010202505)
(1334, -0.010202505)
(323, -0.010204927)
(94, -0.010229247)
(603, -0.010237839)
(1911, -0.010249231)
(3571, -0.010250855)
(3155, -0.010251511)
(2381, -0.010255724)
(4320, -0.010258906)
(4089, -0.0102754645)
(3857, -0.010289073)
(2626, -0.01030504)
(4213, -0.010310888)
(2050, -0.010332245)
(1761, -0.010341661)
(4270, -0.010342328)
(873, -0.010354543)
(1461, -0.010356324)
(3030, -0.0103885755)
(2145, -0.010390844)
(1244, -0.010421004)
(1259, -0.010421004)
(66, -0.010450557)
(315, -0.010457029)
(1796, -0.010464024)
(3801, -0.010468109)
(742, -0.010489181)
(173, -0.010516537)
(361, -0.010528113)
(145, -0.010540403)
(2471, -0.0105489865)
(3882, -0.010550954)
(1727, -0.010553155)
(2110, -0.010557123)
(1294, -0.010571361)
(2470, -0.01057188)
(3804, -0.010577606)
(2933, -0.010577809)
(332, -0.010587946)
(3690, -0.0105898455)
(1691, -0.010598235)
(159, -0.010605995)
(3072, -0.010644779)
(2130, -0.010652104)
(558, -0.010667734)
(1622, -0.010668296)
(3879, -0.010671718)
(829, -0.010684956)
(1218, -0.010696277)
(4357, -0.010698702)
(3588, -0.010720459)
(382, -0.010723434)
(3642, -0.010752583)
(4290, -0.010769311)
(993, -0.010769923)
(3076, -0.010790252)
(2204, -0.010795849)
(3957, -0.010843411)
(2426, -0.010870792)
(1132, -0.010880383)
(2151, -0.010893041)
(1389, -0.010893546)
(1834, -0.0109228995)
(2062, -0.010949142)
(178, -0.010976475)
(3982, -0.010982607)
(1581, -0.010987213)
(328, -0.011010017)
(45, -0.011022529)
(2131, -0.011031078)
(1217, -0.011035904)
(1647, -0.011038139)
(4487, -0.011041909)
(2631, -0.0110568665)
(1812, -0.0110821035)
(2930, -0.011092143)
(4448, -0.011094924)
(4417, -0.011121026)
(3184, -0.0111419065)
(1898, -0.011187605)
(1659, -0.011188468)
(3092, -0.01122345)
(292, -0.011261899)
(2629, -0.0112726735)
(999, -0.011279425)
(596, -0.011300478)
(1007, -0.011301771)
(2943, -0.011324801)
(900, -0.011329919)
(4091, -0.01134428)
(2243, -0.011363406)
(2584, -0.011368815)
(47, -0.011374362)
(3130, -0.011379119)
(3145, -0.011379119)
(4327, -0.011406675)
(892, -0.011411445)
(3432, -0.0114916405)
(1449, -0.011511917)
(630, -0.011526068)
(3941, -0.011530936)
(731, -0.011539081)
(3055, -0.011549166)
(176, -0.011549596)
(941, -0.011550568)
(776, -0.011589233)
(306, -0.011593336)
(3136, -0.011603475)
(183, -0.01163001)
(1139, -0.011657199)
(1859, -0.011662622)
(93, -0.01169393)
(1063, -0.011724539)
(3885, -0.0117286965)
(2240, -0.011743262)
(1185, -0.011751324)
(4144, -0.011755008)
(3616, -0.011759195)
(297, -0.011763118)
(2230, -0.011767732)
(3501, -0.011781085)
(3843, -0.011826299)
(421, -0.011829274)
(2460, -0.011840041)
(3839, -0.011854654)
(3283, -0.011892423)
(1467, -0.011905967)
(644, -0.011907481)
(3709, -0.011911228)
(3307, -0.011914678)
(1315, -0.011922058)
(4101, -0.011932876)
(3211, -0.011940086)
(1723, -0.011945263)
(334, -0.012008875)
(2936, -0.012030568)
(3723, -0.012034358)
(1309, -0.012036793)
(1865, -0.012047896)
(4433, -0.012051463)
(3088, -0.012052536)
(3824, -0.0120637845)
(3488, -0.012096861)
(1769, -0.0121041)
(1667, -0.01211264)
(1948, -0.012139846)
(1651, -0.012166068)
(694, -0.012183897)
(472, -0.012228018)
(1290, -0.012230311)
(1967, -0.01223072)
(1355, -0.01223884)
(1349, -0.012272615)
(4180, -0.012290547)
(2539, -0.012352045)
(2167, -0.012356158)
(2793, -0.012377592)
(1480, -0.01239734)
(2113, -0.01239734)
(634, -0.0124301445)
(3001, -0.012457856)
(3172, -0.012459427)
(1588, -0.012487146)
(1008, -0.012499815)
(4376, -0.01250606)
(89, -0.012518292)
(1838, -0.012533445)
(2999, -0.012533739)
(4377, -0.012543209)
(3560, -0.012586664)
(150, -0.012619602)
(561, -0.012625994)
(4356, -0.012632569)
(1682, -0.012642402)
(836, -0.012645818)
(3608, -0.0126497485)
(9, -0.012653129)
(1187, -0.012745544)
(1954, -0.012782636)
(405, -0.012784502)
(3165, -0.012800541)
(4248, -0.012800541)
(1087, -0.012818538)
(1479, -0.012833776)
(1940, -0.012836015)
(3785, -0.012847252)
(302, -0.0128624365)
(3497, -0.0128735285)
(1138, -0.012903996)
(1212, -0.012906026)
(3965, -0.012918644)
(4015, -0.013018379)
(73, -0.013018828)
(1491, -0.01302544)
(1001, -0.013053807)
(3435, -0.013057574)
(1465, -0.013089806)
(2598, -0.013106523)
(146, -0.013118078)
(2921, -0.013205413)
(621, -0.013220003)
(920, -0.013226014)
(1419, -0.013244383)
(1704, -0.0132987015)
(1084, -0.013300703)
(485, -0.01330398)
(4057, -0.013327974)
(3468, -0.013358758)
(3451, -0.0133643)
(1583, -0.013385439)
(4388, -0.013390018)
(1165, -0.013403371)
(1182, -0.013413776)
(2608, -0.01341556)
(2587, -0.013430692)
(813, -0.013464147)
(1596, -0.013482967)
(2972, -0.013560827)
(2682, -0.013565444)
(3605, -0.013566982)
(863, -0.01357561)
(3225, -0.013584031)
(568, -0.0135853775)
(216, -0.013630964)
(2352, -0.013645834)
(1196, -0.013652604)
(62, -0.013661431)
(3802, -0.013676319)
(2322, -0.013754018)
(4171, -0.013767945)
(391, -0.013777897)
(4172, -0.013796656)
(147, -0.01382691)
(3618, -0.013871253)
(1090, -0.013880292)
(4103, -0.013898174)
(2839, -0.013901605)
(3530, -0.013905752)
(3758, -0.013906358)
(3075, -0.013938605)
(636, -0.013991031)
(2168, -0.014000818)
(250, -0.014028076)
(2316, -0.014038066)
(4020, -0.01404522)
(2981, -0.014048997)
(4330, -0.014110132)
(3441, -0.01415591)
(3930, -0.01416055)
(1407, -0.014183352)
(3467, -0.014231181)
(550, -0.014235973)
(1040, -0.01427646)
(124, -0.014289523)
(1974, -0.014300272)
(801, -0.014304001)
(3668, -0.014352098)
(792, -0.014416516)
(2315, -0.0144172385)
(3524, -0.014425762)
(3924, -0.014455471)
(3192, -0.014485157)
(4301, -0.014537804)
(4199, -0.014575556)
(2171, -0.014617145)
(69, -0.014646413)
(3579, -0.014655391)
(2691, -0.014671335)
(729, -0.01467384)
(166, -0.014710888)
(782, -0.014725382)
(721, -0.014735885)
(2447, -0.014736497)
(1544, -0.014747847)
(307, -0.01476711)
(1359, -0.014842583)
(3382, -0.014845885)
(26, -0.014854621)
(4261, -0.014885106)
(4108, -0.014886655)
(4036, -0.014906824)
(1739, -0.015024667)
(2508, -0.015044935)
(2753, -0.015083652)
(2084, -0.015096806)
(2040, -0.015102288)
(2266, -0.01510451)
(1965, -0.015113078)
(4201, -0.01512908)
(4250, -0.015207491)
(3282, -0.015220778)
(3995, -0.015226826)
(4178, -0.01524533)
(3403, -0.015255725)
(3332, -0.015271071)
(1773, -0.015288103)
(723, -0.015300408)
(640, -0.015303407)
(39, -0.015319943)
(2997, -0.015323597)
(2292, -0.015358033)
(274, -0.015377833)
(2246, -0.015443813)
(582, -0.015458191)
(758, -0.01551237)
(4187, -0.015520295)
(2688, -0.015538927)
(2697, -0.015558294)
(1454, -0.015572514)
(1074, -0.015604058)
(3304, -0.015652675)
(2231, -0.01569053)
(948, -0.015776534)
(4160, -0.015788753)
(803, -0.015791845)
(4241, -0.0158671)
(2969, -0.015900852)
(2490, -0.015986523)
(1417, -0.016014837)
(1317, -0.016092328)
(3948, -0.016094226)
(365, -0.016140137)
(1216, -0.016154625)
(765, -0.016155912)
(2960, -0.016160335)
(1202, -0.016162038)
(4047, -0.016196374)
(3180, -0.016238559)
(1301, -0.016266653)
(1537, -0.016278764)
(2473, -0.016280916)
(1781, -0.016314685)
(1775, -0.016315242)
(2155, -0.016332582)
(996, -0.016336259)
(1752, -0.016350575)
(3058, -0.01637172)
(3827, -0.016386569)
(2762, -0.016404137)
(1125, -0.016425135)
(885, -0.016430523)
(1879, -0.016440019)
(2194, -0.016452976)
(2927, -0.016468318)
(2279, -0.016472904)
(2380, -0.016472904)
(300, -0.016557453)
(1771, -0.0165962)
(1194, -0.016614612)
(3673, -0.016659573)
(739, -0.016787522)
(2160, -0.016829902)
(3494, -0.016851509)
(1089, -0.016951036)
(1638, -0.017022181)
(842, -0.01703682)
(3970, -0.017042425)
(1718, -0.017142806)
(1250, -0.017196897)
(1265, -0.017196897)
(1737, -0.017208625)
(383, -0.017216634)
(4386, -0.017281074)
(3610, -0.01729741)
(3728, -0.017309038)
(1654, -0.017357796)
(1209, -0.017370226)
(3354, -0.017468333)
(1012, -0.017541505)
(2509, -0.017577495)
(2094, -0.01761335)
(2438, -0.017615115)
(2853, -0.017692234)
(2872, -0.017692234)
(2922, -0.017692234)
(2161, -0.017793348)
(1069, -0.017807316)
(3953, -0.01786009)
(2546, -0.017886957)
(5, -0.01788934)
(1677, -0.01789939)
(3569, -0.017922848)
(171, -0.017979683)
(340, -0.018363686)
(2309, -0.018454712)
(1591, -0.018458623)
(2017, -0.018521447)
(3534, -0.018537194)
(3543, -0.018537194)
(709, -0.018550886)
(3729, -0.018553695)
(4286, -0.018629745)
(4263, -0.018644687)
(2252, -0.018876601)
(841, -0.01905362)
(3874, -0.01907126)
(129, -0.019148896)
(4456, -0.019158125)
(46, -0.019218814)
(427, -0.019224027)
(4124, -0.019302003)
(1717, -0.019306269)
(616, -0.019321173)
(2371, -0.01936422)
(4401, -0.019386373)
(4393, -0.019405115)
(3153, -0.019500162)
(3959, -0.019501861)
(2233, -0.019630792)
(1345, -0.019904392)
(2559, -0.019906698)
(2117, -0.019908445)
(4044, -0.019923052)
(2067, -0.019959472)
(2650, -0.020085514)
(3389, -0.02013555)
(2571, -0.020145535)
(1801, -0.02019413)
(3726, -0.020200603)
(3756, -0.020213192)
(1915, -0.020286828)
(687, -0.020287214)
(4002, -0.02030471)
(4063, -0.02030471)
(2803, -0.02032109)
(179, -0.020322774)
(862, -0.020343423)
(4112, -0.020385208)
(3818, -0.02039747)
(1855, -0.020439764)
(4457, -0.020448647)
(2429, -0.020455826)
(3422, -0.0206814)
(411, -0.020713758)
(555, -0.020714534)
(4474, -0.020773219)
(2476, -0.020812374)
(4272, -0.02084466)
(2004, -0.020929374)
(2413, -0.020955868)
(852, -0.0210458)
(1254, -0.021069499)
(1269, -0.021069499)
(3575, -0.021075191)
(3355, -0.02113393)
(1003, -0.021139449)
(3060, -0.021144813)
(3698, -0.021224596)
(2635, -0.021235071)
(2362, -0.021399256)
(3438, -0.021421988)
(3972, -0.021479907)
(2002, -0.021547856)
(3515, -0.02156989)
(1377, -0.021620547)
(1778, -0.021641161)
(2766, -0.021660533)
(1075, -0.021660727)
(3164, -0.0216649)
(3222, -0.021778945)
(1019, -0.021786861)
(1896, -0.021786861)
(3214, -0.021786861)
(3322, -0.021786861)
(3805, -0.021786861)
(3978, -0.021794796)
(2892, -0.021850688)
(3455, -0.021926396)
(2934, -0.021944659)
(2236, -0.021946117)
(720, -0.021963216)
(727, -0.021965705)
(1171, -0.021992175)
(1395, -0.022003371)
(2111, -0.022156699)
(215, -0.022168316)
(4256, -0.02222785)
(3529, -0.022412885)
(513, -0.02254159)
(17, -0.022684278)
(2511, -0.022704951)
(3548, -0.022734977)
(1937, -0.022798164)
(3276, -0.022841642)
(3725, -0.022942502)
(2939, -0.0230661)
(1443, -0.023090472)
(1190, -0.023233345)
(3383, -0.023241395)
(840, -0.023328878)
(1056, -0.023428509)
(2297, -0.023481663)
(2424, -0.0235853)
(2205, -0.02368048)
(3241, -0.02369993)
(1477, -0.023947015)
(3290, -0.023949197)
(4052, -0.024001973)
(2852, -0.024061102)
(2637, -0.02407882)
(2785, -0.024114348)
(345, -0.024139168)
(229, -0.02424032)
(4366, -0.024302471)
(2254, -0.024332639)
(3176, -0.024377543)
(567, -0.024392702)
(471, -0.024431136)
(2947, -0.024603888)
(3996, -0.024708297)
(1093, -0.024818785)
(2510, -0.024882862)
(516, -0.024997849)
(130, -0.025010891)
(4347, -0.0251462)
(540, -0.025162026)
(681, -0.025180604)
(2875, -0.025186315)
(2672, -0.025344595)
(534, -0.025367182)
(638, -0.02540125)
(1082, -0.02540125)
(1968, -0.025430117)
(3413, -0.025468068)
(4408, -0.025534935)
(590, -0.025602948)
(3784, -0.025700849)
(1569, -0.025750525)
(4218, -0.025806658)
(3538, -0.025873898)
(368, -0.0258772)
(3250, -0.026131649)
(2687, -0.026630055)
(617, -0.026684651)
(1602, -0.026814789)
(3020, -0.026975803)
(3669, -0.027238846)
(3215, -0.027398856)
(3584, -0.02743017)
(1923, -0.027474198)
(3757, -0.027576216)
(4370, -0.027602235)
(736, -0.027752485)
(2705, -0.027782623)
(3520, -0.028070163)
(1519, -0.028139504)
(806, -0.02828399)
(1506, -0.028294109)
(3224, -0.028400851)
(237, -0.028731959)
(3220, -0.028746143)
(3925, -0.02884109)
(858, -0.029260162)
(330, -0.029548666)
(1078, -0.029610623)
(200, -0.03008308)
(2953, -0.030107865)
(1220, -0.030325767)
(3806, -0.031375296)
(1621, -0.031593498)
(1712, -0.032174334)
(3098, -0.033074506)
(3606, -0.03335918)
(3146, -0.033643637)
(2127, -0.033824302)
(4225, -0.033958197)
(134, -0.034041338)
(1782, -0.034334343)
(243, -0.036234435)
(2300, -0.03703831)
(1790, -0.03887905)
(589, -0.03890484)
(1060, -0.038942724)
(1868, -0.039271683)
(449, -0.039633498)
(1889, -0.040572852)
(1035, -0.04093539)
(1038, -0.04249592)
(3, -0.043274116)
(1642, -0.04331534)
(2461, -0.04614333)
(3913, -0.0504684)
(4424, -0.051967144)
(1871, -0.052524555)
(3912, -0.060890142)
(1405, -0.08394116)
